Security Wise Delivery Position - Compulsory Rolling Settlement
10,MTO,05022024,2874361421,0002392
Trade Date <05-FEB-2024>,Settlement Type <N>
Record Type,Sr No,Name of Security,Quantity Traded,Deliverable Quantity(gross across client level),% of Deliverable Quantity to Traded Quantity
20,1,1018GS2026,GS,2,0,0.00
20,2,182D060624,TB,200100,200100,100.00
20,3,182D070324,TB,100,100,100.00
20,4,182D090524,TB,100,100,100.00
20,5,182D110424,TB,500,500,100.00
20,6,182D110724,TB,800,800,100.00
20,7,182D130624,TB,200,200,100.00
20,8,182D180724,TB,700,700,100.00
20,9,182D200624,TB,300,300,100.00
20,10,182D220224,TB,1000,1000,100.00
20,11,182D230524,TB,300,300,100.00
20,12,182D250424,TB,100,100,100.00
20,13,182D250724,TB,200,200,100.00
20,14,182D270624,TB,2300,2300,100.00
20,15,182D290224,TB,100,100,100.00
20,16,182D300524,TB,11000,11000,100.00
20,17,20MICRONS,EQ,118150,72096,61.02
20,18,360ONE,EQ,381313,254128,66.65
20,19,364D020125,TB,100,100,100.00
20,20,364D020524,TB,14600,14600,100.00
20,21,364D040724,TB,75100,75100,100.00
20,22,364D060624,TB,4000,4000,100.00
20,23,364D071124,TB,25000,25000,100.00
20,24,364D121224,TB,200,200,100.00
20,25,364D160524,TB,26200,26200,100.00
20,26,364D200624,TB,900,900,100.00
20,27,364D220224,TB,29900,29900,100.00
20,28,364D220324,TB,5700,5700,100.00
20,29,364D230125,TB,100,100,100.00
20,30,364D300125,TB,400,400,100.00
20,31,3IINFOLTD,EQ,1970706,867038,44.00
20,32,3MINDIA,EQ,6870,4017,58.47
20,33,515GS2025,GS,1,1,100.00
20,34,563GS2026,GS,20139,20114,99.88
20,35,574GS2026,GS,1148,1063,92.60
20,36,577GS2030,GS,300,300,100.00
20,37,579GS2030,GS,710,709,99.86
20,38,585GS2030,GS,99,99,100.00
20,39,5PAISA,EQ,69144,32375,46.82
20,40,618GS2024,GS,48,48,100.00
20,41,619GS2034,GS,210,210,100.00
20,42,654GS2032,GS,1,1,100.00
20,43,663TN35,SG,100,100,100.00
20,44,667GS2050,GS,1451,1451,100.00
20,45,669GS2024,GS,4610,4610,100.00
20,46,676GS2061,GS,664,664,100.00
20,47,689GS2025,GS,3,3,100.00
20,48,68GS2060,GS,4,4,100.00
20,49,695GS2061,GS,96,96,100.00
20,50,699GS2026,GS,7100,7100,100.00
20,51,699GS2051,GS,3948,3948,100.00
20,52,706GS2028,GS,31300,31300,100.00
20,53,710GS2029,GS,318878,307493,96.43
20,54,716GS2050,GS,4,4,100.00
20,55,717GS2030,GS,83,83,100.00
20,56,718GS2033,GS,10325,9670,93.66
20,57,718GS2037,GS,350,300,85.71
20,58,719GS2060,GS,40,40,100.00
20,59,725GS2063,GS,67800,51100,75.37
20,60,726GS2029,GS,5,5,100.00
20,61,726GS2032,GS,1968,1968,100.00
20,62,726GS2033,GS,18335,18325,99.95
20,63,727GS2026,GS,1195,1195,100.00
20,64,732GS2030,GS,1300,1300,100.00
20,65,733GS2026,GS,6001,5700,94.98
20,66,736GS2052,GS,11133,11132,99.99
20,67,737GS2028,GS,3099,3099,100.00
20,68,738GS2027,GS,127350,127349,100.00
20,69,741GS2036,GS,17420,17315,99.40
20,70,746GS2073,GS,100,100,100.00
20,71,74GS2035,GS,2,1,50.00
20,72,74GS2062,GS,1043,1043,100.00
20,73,754GS2036,GS,224993,194963,86.65
20,74,758GJ26,SG,600,600,100.00
20,75,759GS2026,GS,2,1,50.00
20,76,766GJ30A,SG,200,100,50.00
20,77,772GS2025,GS,2,2,100.00
20,78,772HR33,SG,100,100,100.00
20,79,779PN36,SG,100,100,100.00
20,80,77MH33A,SG,100,100,100.00
20,81,795GS2032,GS,20,20,100.00
20,82,824GS2027,GS,232,232,100.00
20,83,826GS2027,GS,38556,38556,100.00
20,84,828GS2027,GS,300,300,100.00
20,85,82GS2025,GS,9,9,100.00
20,86,915GS2024,GS,2,1,50.00
20,87,91D020524,TB,2100,2100,100.00
20,88,91D040424,TB,4300,4300,100.00
20,89,91D070324,TB,1200,1200,100.00
20,90,91D080224,TB,700,700,100.00
20,91,91D110424,TB,7200,7200,100.00
20,92,91D140324,TB,600,600,100.00
20,93,91D150224,TB,2300,2300,100.00
20,94,91D180424,TB,1300,1300,100.00
20,95,91D210324,TB,1400,1400,100.00
20,96,91D220224,TB,2400,2400,100.00
20,97,91D250424,TB,900,900,100.00
20,98,91D280324,TB,300,300,100.00
20,99,91D290224,TB,600,600,100.00
20,100,92GS2030,GS,111,110,99.10
20,101,AARON,EQ,6212,4379,70.49
20,102,AARTECH,EQ,110071,83843,76.17
20,103,AARTIDRUGS,EQ,231120,111765,48.36
20,104,AARTIIND,EQ,1198470,569739,47.54
20,105,AARTIPHARM,EQ,100819,53247,52.81
20,106,AARTISURF,EQ,60525,29283,48.38
20,107,AARTISURF,P1,88,68,77.27
20,108,AARVEEDEN,EQ,2112528,857537,40.59
20,109,AARVI,EQ,14790,10019,67.74
20,110,AATMAJ,SM,108000,86000,79.63
20,111,AAVAS,EQ,205650,123058,59.84
20,112,ABAN,EQ,860286,542623,63.07
20,113,ABB,EQ,290961,149859,51.50
20,114,ABBOTINDIA,EQ,30098,7103,23.60
20,115,ABCAPITAL,EQ,6456507,2625873,40.67
20,116,ABCOTS,SM,8000,8000,100.00
20,117,ABFL,N0,61,40,65.57
20,118,ABFL,N2,40,40,100.00
20,119,ABFL,N4,13,13,100.00
20,120,ABFL,N5,10,10,100.00
20,121,ABFRL,EQ,4477600,1750481,39.09
20,122,ABINFRA,SM,32000,32000,100.00
20,123,ABMINTLLTD,EQ,6899,3496,50.67
20,124,ABSLAMC,EQ,130006,87116,67.01
20,125,ABSLBANETF,EQ,42854,31800,74.21
20,126,ABSLLIQUID,EQ,30968,30756,99.32
20,127,ABSLNN50ET,EQ,82447,59169,71.77
20,128,ACC,EQ,234406,73741,31.46
20,129,ACCELYA,EQ,26478,12264,46.32
20,130,ACCENTMIC,SM,156000,115000,73.72
20,131,ACE,EQ,501859,199985,39.85
20,132,ACEINTEG,EQ,18437,11726,63.60
20,133,ACI,EQ,524877,285869,54.46
20,134,ACL,EQ,32918,23400,71.09
20,135,ACLGATI,EQ,685468,379770,55.40
20,136,ACSAL,SM,18000,15000,83.33
20,137,ADANIENSOL,EQ,1194592,589830,49.38
20,138,ADANIENT,EQ,2191195,774733,35.36
20,139,ADANIGREEN,EQ,1070961,566194,52.87
20,140,ADANIPORTS,EQ,5611298,2705063,48.21
20,141,ADFFOODS,EQ,265283,131992,49.76
20,142,ADORWELD,EQ,40867,21215,51.91
20,143,ADSL,EQ,607586,392276,64.56
20,144,ADVANIHOTR,EQ,185250,125448,67.72
20,145,ADVENZYMES,EQ,166521,87926,52.80
20,146,AEGISCHEM,EQ,1009994,395700,39.18
20,147,AEROFLEX,EQ,619572,355250,57.34
20,148,AETHER,EQ,74428,39859,53.55
20,149,AFFLE,EQ,624456,392911,62.92
20,150,AGARIND,EQ,59544,21190,35.59
20,151,AGARWALFT,SM,12000,12000,100.00
20,152,AGI,EQ,178004,55465,31.16
20,153,AGNI,ST,55000,55000,100.00
20,154,AGRITECH,EQ,14661,10432,71.15
20,155,AGROPHOS,EQ,3064561,1212587,39.57
20,156,AGUL,SM,4000,4000,100.00
20,157,AHL,EQ,83884,47828,57.02
20,158,AHLADA,EQ,93946,57219,60.91
20,159,AHLEAST,EQ,86250,53206,61.69
20,160,AHLUCONT,EQ,292437,79738,27.27
20,161,AIAENG,EQ,104268,63712,61.10
20,162,AILIMITED,SM,6000,6000,100.00
20,163,AIROLAM,EQ,49828,17525,35.17
20,164,AIRTELPP,E1,213706,147577,69.06
20,165,AISL,SM,12000,10800,90.00
20,166,AJANTPHARM,EQ,129144,101770,78.80
20,167,AJMERA,EQ,164801,58877,35.73
20,168,AKANKSHA,SM,264000,186000,70.45
20,169,AKG,EQ,290041,239056,82.42
20,170,AKSHARCHEM,EQ,16722,10525,62.94
20,171,AKZOINDIA,EQ,23915,13357,55.85
20,172,ALBERTDAVD,EQ,51777,25872,49.97
20,173,ALEMBICLTD,EQ,8030505,2763244,34.41
20,174,ALICON,EQ,17719,7969,44.97
20,175,ALKALI,EQ,44215,24117,54.54
20,176,ALKEM,EQ,305754,90211,29.50
20,177,ALKYLAMINE,EQ,79411,44110,55.55
20,178,ALLCARGO,EQ,1845411,787362,42.67
20,179,ALLETEC,SM,114400,77600,67.83
20,180,ALLSEC,EQ,31433,18609,59.20
20,181,ALPA,EQ,109157,74229,68.00
20,182,ALPHAETF,EQ,134966,105919,78.48
20,183,ALPHAGEO,EQ,58879,30288,51.44
20,184,ALPL30IETF,EQ,118844,93194,78.42
20,185,ALPSINDUS,EQ,121016,108873,89.97
20,186,AMBER,EQ,223640,131187,58.66
20,187,AMBICAAGAR,EQ,54554,37691,69.09
20,188,AMBIKCO,EQ,15354,9811,63.90
20,189,AMBUJACEM,EQ,2366641,819704,34.64
20,190,AMEYA,SM,44000,30000,68.18
20,191,AMIABLE,SM,3200,3200,100.00
20,192,AMIORG,EQ,125685,65326,51.98
20,193,AMJLAND,EQ,427893,231749,54.16
20,194,AMNPLST,EQ,42943,27017,62.91
20,195,AMRUTANJAN,EQ,17966,11256,62.65
20,196,ANANDRATHI,EQ,90330,42112,46.62
20,197,ANANTRAJ,EQ,2413797,1376494,57.03
20,198,ANDHRAPAP,EQ,889582,588885,66.20
20,199,ANDHRSUGAR,EQ,857595,391505,45.65
20,200,ANGELONE,EQ,244132,111237,45.56
20,201,ANLON,SM,6000,4000,66.67
20,202,ANMOL,EQ,2059081,1048174,50.90
20,203,ANNAPURNA,SM,102500,75000,73.17
20,204,ANUP,EQ,18545,6697,36.11
20,205,ANURAS,EQ,96963,47698,49.19
20,206,APARINDS,EQ,115955,48088,41.47
20,207,APCL,EQ,72854,36217,49.71
20,208,APCOTEXIND,EQ,92517,59555,64.37
20,209,APEX,EQ,394242,159019,40.34
20,210,APLAPOLLO,EQ,1413379,1042822,73.78
20,211,APLLTD,EQ,776370,140456,18.09
20,212,APOLLOHOSP,EQ,147909,75104,50.78
20,213,APOLLOPIPE,EQ,61184,31291,51.14
20,214,APOLLOTYRE,EQ,1330649,518175,38.94
20,215,APOLSINHOT,EQ,10540,5762,54.67
20,216,APS,SM,378000,210000,55.56
20,217,APTECHT,EQ,273423,144523,52.86
20,218,APTUS,EQ,417210,210059,50.35
20,219,ARABIAN,SM,52000,52000,100.00
20,220,ARCHIDPLY,EQ,127087,88544,69.67
20,221,ARCHIES,EQ,376667,246595,65.47
20,222,ARE&M,EQ,635018,301469,47.47
20,223,ARENTERP,EQ,27637,18399,66.57
20,224,ARHAM,SM,25000,17000,68.00
20,225,ARIES,EQ,276254,163801,59.29
20,226,ARIHANTACA,SM,31200,24000,76.92
20,227,ARIHANTCAP,EQ,3981072,1887833,47.42
20,228,ARIHANTSUP,EQ,164357,68233,41.52
20,229,ARISTO,SM,126400,76800,60.76
20,230,ARMANFIN,EQ,124509,68477,55.00
20,231,AROGRANITE,EQ,85830,61322,71.45
20,232,ARROWGREEN,EQ,210656,56834,26.98
20,233,ARTEMISMED,EQ,132497,76233,57.54
20,234,ARVIND,EQ,460366,271394,58.95
20,235,ARVINDFASN,EQ,197161,103174,52.33
20,236,ARVSMART,EQ,79926,38959,48.74
20,237,ASAHIINDIA,EQ,257179,138491,53.85
20,238,ASAHISONG,EQ,44934,39578,88.08
20,239,ASAL,EQ,66922,26223,39.18
20,240,ASALCBR,EQ,62889,33659,53.52
20,241,ASCOM,ST,500,500,100.00
20,242,ASHIANA,EQ,1302825,406020,31.16
20,243,ASHIMASYN,EQ,8447407,3123017,36.97
20,244,ASHOKA,EQ,6188676,2155549,34.83
20,245,ASHOKLEY,EQ,56970804,29123896,51.12
20,246,ASIANENE,EQ,78550,53579,68.21
20,247,ASIANPAINT,EQ,923435,550083,59.57
20,248,ASIANTILES,EQ,1098089,604355,55.04
20,249,ASKAUTOLTD,EQ,617512,320821,51.95
20,250,ASMS,EQ,222647,204598,91.89
20,251,ASPINWALL,EQ,60663,27648,45.58
20,252,ASTEC,EQ,41813,21173,50.64
20,253,ASTERDM,EQ,365398,238668,65.32
20,254,ASTRAL,EQ,814203,367783,45.17
20,255,ASTRAMICRO,EQ,1580563,726678,45.98
20,256,ASTRAZEN,EQ,6162,3653,59.28
20,257,ATALREAL,EQ,926444,595879,64.32
20,258,ATAM,EQ,36594,21768,59.49
20,259,ATFL,EQ,16711,11413,68.30
20,260,ATGL,EQ,2482752,1288639,51.90
20,261,ATL,EQ,2294537,1241487,54.11
20,262,ATUL,EQ,30387,13316,43.82
20,263,ATULAUTO,EQ,146974,70558,48.01
20,264,AUBANK,EQ,5678989,2384435,41.99
20,265,AURDIS,SM,6500,5000,76.92
20,266,AUROIMPEX,SM,107200,80000,74.63
20,267,AUROPHARMA,EQ,9198598,5025518,54.63
20,268,AURUMPP,E1,28361,25317,89.27
20,269,AUSOMENT,EQ,42572,23659,55.57
20,270,AUTOAXLES,EQ,17689,12941,73.16
20,271,AUTOBEES,EQ,118157,76079,64.39
20,272,AUTOIETF,EQ,26568,22045,82.98
20,273,AUTOIND,EQ,187249,116638,62.29
20,274,AVADHSUGAR,EQ,222197,87907,39.56
20,275,AVALON,EQ,246743,159021,64.45
20,276,AVANTIFEED,EQ,726730,271285,37.33
20,277,AVG,EQ,74145,55021,74.21
20,278,AVONMORE,EQ,65924,42432,64.37
20,279,AVROIND,EQ,80942,49982,61.75
20,280,AVTNPL,EQ,395774,132734,33.54
20,281,AWHCL,EQ,834722,366069,43.86
20,282,AWL,EQ,1834038,1120444,61.09
20,283,AXISBANK,EQ,12569454,6255483,49.77
20,284,AXISBNKETF,EQ,5982,5568,93.08
20,285,AXISBPSETF,EQ,68741,34176,49.72
20,286,AXISCADES,EQ,46449,21250,45.75
20,287,AXISCETF,EQ,1588,858,54.03
20,288,AXISGOLD,EQ,92443,63356,68.54
20,289,AXISHCETF,EQ,7582,4535,59.81
20,290,AXISILVER,EQ,35550,30347,85.36
20,291,AXISNIFTY,EQ,4435,3414,76.98
20,292,AXISTECETF,EQ,6047,5506,91.05
20,293,AXITA,EQ,3113194,1490795,47.89
20,294,AXSENSEX,EQ,892,382,42.83
20,295,AYMSYNTEX,EQ,35636,22603,63.43
20,296,AZAD,EQ,536826,286230,53.32
20,297,BABAFP,SM,44800,36800,82.14
20,298,BAHETI,SM,93750,80250,85.60
20,299,BAIDFIN,EQ,1114685,338003,30.32
20,300,BAJAJ-AUTO,EQ,252401,112761,44.68
20,301,BAJAJCON,EQ,495371,279534,56.43
20,302,BAJAJELEC,EQ,231284,75750,32.75
20,303,BAJAJFINSV,EQ,2578535,1783676,69.17
20,304,BAJAJHCARE,EQ,115019,60583,52.67
20,305,BAJAJHIND,EQ,92989812,41120772,44.22
20,306,BAJAJHLDNG,EQ,18949,8200,43.27
20,307,BAJEL,EQ,2822537,1265556,44.84
20,308,BAJFINANCE,EQ,1771222,1059976,59.84
20,309,BALAJITELE,EQ,1886081,951257,50.44
20,310,BALAMINES,EQ,81023,42795,52.82
20,311,BALAXI,EQ,4489,2749,61.24
20,312,BALKRISIND,EQ,414992,187429,45.16
20,313,BALMLAWRIE,EQ,1104552,455052,41.20
20,314,BALPHARMA,EQ,125858,92286,73.33
20,315,BALRAMCHIN,EQ,2718537,1101614,40.52
20,316,BANARBEADS,EQ,37314,22569,60.48
20,317,BANARISUG,EQ,3246,1418,43.68
20,318,BANCOINDIA,EQ,296931,120953,40.73
20,319,BANDHANBNK,EQ,12335899,5006787,40.59
20,320,BANKBARODA,EQ,21283536,7002123,32.90
20,321,BANKBEES,EQ,1244789,631770,50.75
20,322,BANKBETF,EQ,7201,4291,59.59
20,323,BANKETF,EQ,5316,3592,67.57
20,324,BANKIETF,EQ,80384,48230,60.00
20,325,BANKINDIA,EQ,72223881,37600880,52.06
20,326,BANSWRAS,EQ,154134,106576,69.15
20,327,BARBEQUE,EQ,202254,58017,28.69
20,328,BASF,EQ,37449,28365,75.74
20,329,BASILIC,SM,100800,62400,61.90
20,330,BASML,EQ,422483,270618,64.05
20,331,BATAINDIA,EQ,381770,148836,38.99
20,332,BAYERCROP,EQ,19572,11512,58.82
20,333,BBETF0432,EQ,10094,9945,98.52
20,334,BBL,EQ,25333,9206,36.34
20,335,BBNPPGOLD,EQ,10848,10792,99.48
20,336,BBOX,EQ,103463,74827,72.32
20,337,BBTC,EQ,85142,33275,39.08
20,338,BBTCL,EQ,22730,14563,64.07
20,339,BCG,EQ,45750918,13422993,29.34
20,340,BCLIND,EQ,1576544,847594,53.76
20,341,BDL,EQ,577547,232581,40.27
20,342,BECTORFOOD,EQ,100469,59135,58.86
20,343,BEL,EQ,23880364,14742482,61.73
20,344,BEML,EQ,379094,107977,28.48
20,345,BEPL,EQ,886124,435790,49.18
20,346,BERGEPAINT,EQ,732928,333087,45.45
20,347,BETA,SM,5800,4700,81.03
20,348,BEWLTD,SM,2125,1875,88.24
20,349,BFINVEST,EQ,209369,75347,35.99
20,350,BFSI,EQ,654311,381172,58.26
20,351,BFUTILITIE,EQ,773681,380216,49.14
20,352,BGRENERGY,EQ,556288,200154,35.98
20,353,BHAGCHEM,EQ,19359,17385,89.80
20,354,BHAGERIA,EQ,61016,28775,47.16
20,355,BHAGYANGR,EQ,444160,203823,45.89
20,356,BHANDARI,EQ,2896061,2061509,71.18
20,357,BHARATFORG,EQ,1419072,541707,38.17
20,358,BHARATGEAR,EQ,58274,37164,63.77
20,359,BHARATRAS,EQ,1604,1041,64.90
20,360,BHARTIARTL,EQ,7809331,5801157,74.28
20,361,BHEL,EQ,32248058,9982232,30.95
20,362,BIGBLOC,EQ,1249519,460131,36.82
20,363,BIKAJI,EQ,407859,184584,45.26
20,364,BIOCON,EQ,10372100,4721712,45.52
20,365,BIOFILCHEM,EQ,154944,103548,66.83
20,366,BIRET,RR,2145739,2113220,98.48
20,367,BIRLACABLE,EQ,519481,296431,57.06
20,368,BIRLACORPN,EQ,138398,80985,58.52
20,369,BLAL,EQ,1665215,755096,45.35
20,370,BLBLIMITED,EQ,2746783,1285090,46.79
20,371,BLISSGVS,EQ,734283,352867,48.06
20,372,BLKASHYAP,EQ,5680032,2341948,41.23
20,373,BLS,EQ,2617396,1050206,40.12
20,374,BLUEDART,EQ,9556,5650,59.13
20,375,BLUEJET,EQ,440050,283968,64.53
20,376,BLUESTARCO,EQ,222852,117445,52.70
20,377,BMETRICS,SM,12800,10000,78.13
20,378,BODALCHEM,EQ,758453,422510,55.71
20,379,BOMDYEING,EQ,1924961,1039347,53.99
20,380,BOROLTD,EQ,132025,56065,42.47
20,381,BORORENEW,EQ,1105881,507307,45.87
20,382,BOSCHLTD,EQ,14936,4467,29.91
20,383,BPCL,EQ,22512945,8497802,37.75
20,384,BPL,EQ,352887,223700,63.39
20,385,BRIGADE,EQ,177448,73297,41.31
20,386,BRIGHT,SM,177000,177000,100.00
20,387,BRITANNIA,EQ,231620,105980,45.76
20,388,BRITANNIA,N3,3589,3589,100.00
20,389,BRNL,EQ,555508,306169,55.12
20,390,BROOKS,EQ,176970,115647,65.35
20,391,BSE,EQ,1544810,797116,51.60
20,392,BSE500IETF,EQ,108337,86539,79.88
20,393,BSHSL,EQ,75985,49430,65.05
20,394,BSL,EQ,17672,10827,61.27
20,395,BSLGOLDETF,EQ,10493,6324,60.27
20,396,BSLNIFTY,EQ,492376,384756,78.14
20,397,BSLSENETFG,EQ,2903,2505,86.29
20,398,BSOFT,EQ,1162903,463108,39.82
20,399,BTML,EQ,101033,67866,67.17
20,400,BUTTERFLY,EQ,35154,21445,61.00
20,401,CADSYS,SM,12000,9000,75.00
20,402,CAMLINFINE,EQ,355259,212765,59.89
20,403,CAMPUS,EQ,610401,349503,57.26
20,404,CAMS,EQ,336280,158796,47.22
20,405,CANARYS,SM,328000,288000,87.80
20,406,CANBK,EQ,8228172,2731062,33.19
20,407,CANFINHOME,EQ,1318696,595058,45.12
20,408,CANTABIL,EQ,241759,103450,42.79
20,409,CAPACITE,EQ,1603774,778728,48.56
20,410,CAPLIPOINT,EQ,151214,98536,65.16
20,411,CAPTRUST,EQ,30381,17850,58.75
20,412,CARBORUNIV,EQ,143536,104877,73.07
20,413,CARERATING,EQ,96459,42990,44.57
20,414,CARTRADE,EQ,69229,29473,42.57
20,415,CARYSIL,EQ,825073,269527,32.67
20,416,CASTROLIND,EQ,9370696,3485668,37.20
20,417,CBAZAAR,SM,72000,72000,100.00
20,418,CCL,EQ,206015,94407,45.83
20,419,CCSP,N1,250,250,100.00
20,420,CDSL,EQ,1620802,640343,39.51
20,421,CEATLTD,EQ,189129,65510,34.64
20,422,CELLECOR,SM,224400,84000,37.43
20,423,CELLO,EQ,349674,185417,53.03
20,424,CELLPOINT,SM,109200,102000,93.41
20,425,CENTENKA,EQ,42768,22656,52.97
20,426,CENTRALBK,EQ,155196600,27843641,17.94
20,427,CENTRUM,EQ,7407603,2830931,38.22
20,428,CENTUM,EQ,45568,24937,54.72
20,429,CENTURYPLY,EQ,355523,204460,57.51
20,430,CENTURYTEX,EQ,264714,124149,46.90
20,431,CERA,EQ,8011,4765,59.48
20,432,CESC,EQ,12812541,5942002,46.38
20,433,CGCL,EQ,369334,117642,31.85
20,434,CGPOWER,EQ,2941526,1971867,67.04
20,435,CHALET,EQ,218420,77687,35.57
20,436,CHAMBLFERT,EQ,1150588,514642,44.73
20,437,CHAVDA,SM,170000,122000,71.76
20,438,CHEMBOND,EQ,36859,17792,48.27
20,439,CHEMCON,EQ,73595,42735,58.07
20,440,CHEMFAB,EQ,34444,18930,54.96
20,441,CHEMPLASTS,EQ,87480,49303,56.36
20,442,CHENNPETRO,EQ,2074480,478355,23.06
20,443,CHEVIOT,EQ,5098,2868,56.26
20,444,CHOICEIN,EQ,338300,96603,28.56
20,445,CHOLAFIN,EQ,1564033,832674,53.24
20,446,CHOLAFIN,N0,240,200,83.33
20,447,CHOLAFIN,N5,210,210,100.00
20,448,CHOLAFIN,NA,10,10,100.00
20,449,CHOLAFIN,NC,60,60,100.00
20,450,CHOLAFIN,NL,385248,384239,99.74
20,451,CHOLAHLDNG,EQ,286502,202574,70.71
20,452,CIEINDIA,EQ,998769,452570,45.31
20,453,CIGNITITEC,EQ,163848,103815,63.36
20,454,CINELINE,EQ,318645,232621,73.00
20,455,CINEVISTA,EQ,133302,94403,70.82
20,456,CIPLA,EQ,2369316,1362377,57.50
20,457,CLEAN,EQ,222174,119564,53.82
20,458,CLEDUCATE,EQ,549480,328930,59.86
20,459,CLOUD,SM,585000,363000,62.05
20,460,CLSEL,EQ,156451,87902,56.19
20,461,CLSL,SM,54000,42000,77.78
20,462,CMNL,SM,106500,73500,69.01
20,463,CMRSL,SM,5600,4800,85.71
20,464,CMSINFO,EQ,573205,325365,56.76
20,465,COALINDIA,EQ,31418925,11625195,37.00
20,466,COASTCORP,EQ,25399,14085,55.45
20,467,COCHINSHIP,EQ,2538611,839277,33.06
20,468,COFFEEDAY,EQ,10251090,3423389,33.40
20,469,COFORGE,EQ,430785,138387,32.12
20,470,COLPAL,EQ,229185,128531,56.08
20,471,COMMITTED,SM,110400,100800,91.30
20,472,COMMOIETF,EQ,140726,109230,77.62
20,473,COMSYN,EQ,33416,26350,78.85
20,474,CONCOR,EQ,3238887,1171103,36.16
20,475,CONCORDBIO,EQ,132592,103017,77.69
20,476,CONFIPET,EQ,17577450,6397362,36.40
20,477,CONSOFINVT,EQ,132298,89529,67.67
20,478,CONSUMBEES,EQ,77572,67603,87.15
20,479,CONSUMIETF,EQ,52087,47185,90.59
20,480,CONTI,SM,29997,29997,100.00
20,481,CONTROLPR,EQ,79010,52693,66.69
20,482,COOLCAPS,SM,7750,7500,96.77
20,483,CORDSCABLE,EQ,693778,394704,56.89
20,484,COROMANDEL,EQ,385786,219381,56.87
20,485,COSMOFIRST,EQ,87536,57367,65.54
20,486,CPS,SM,3600,3600,100.00
20,487,CPSEETF,EQ,13258456,7025329,52.99
20,488,CRAFTSMAN,EQ,51763,33166,64.07
20,489,CRAYONS,SM,27000,22000,81.48
20,490,CREATIVE,EQ,24706,15494,62.71
20,491,CREDITACC,EQ,167809,101927,60.74
20,492,CREDITACC,N1,40,40,100.00
20,493,CREDITACC,N5,97,97,100.00
20,494,CREDITACC,N7,53,53,100.00
20,495,CREDITACC,N8,50,50,100.00
20,496,CREDITACC,N9,15,15,100.00
20,497,CREST,EQ,165666,101813,61.46
20,498,CRISIL,EQ,36459,23306,63.92
20,499,CROMPTON,EQ,2335471,1415119,60.59
20,500,CSBBANK,EQ,242780,112244,46.23
20,501,CSLFINANCE,EQ,83593,32180,38.50
20,502,CTE,EQ,449415,270201,60.12
20,503,CUB,EQ,8703760,4722307,54.26
20,504,CUMMINSIND,EQ,1055164,486291,46.09
20,505,CYBERTECH,EQ,121982,50103,41.07
20,506,CYIENT,EQ,400600,207304,51.75
20,507,CYIENTDLM,EQ,847981,272570,32.14
20,508,DABUR,EQ,1417520,875253,61.75
20,509,DALBHARAT,EQ,382206,241827,63.27
20,510,DALMIASUG,EQ,268083,120155,44.82
20,511,DAMODARIND,EQ,344300,203593,59.13
20,512,DANGEE,EQ,944167,647884,68.62
20,513,DATAMATICS,EQ,119344,50718,42.50
20,514,DATAPATTNS,EQ,133091,73505,55.23
20,515,DAVANGERE,EQ,106810,37781,35.37
20,516,DBCORP,EQ,276359,202435,73.25
20,517,DBL,EQ,1245817,546985,43.91
20,518,DBOL,EQ,753425,313118,41.56
20,519,DBREALTY,EQ,7276649,3786533,52.04
20,520,DBSTOCKBRO,EQ,11004,7953,72.27
20,521,DCAL,EQ,834271,287730,34.49
20,522,DCBBANK,EQ,2108012,1208781,57.34
20,523,DCI,EQ,28038,21115,75.31
20,524,DCM,EQ,114311,72127,63.10
20,525,DCMNVL,EQ,171233,108025,63.09
20,526,DCMSHRIRAM,EQ,49404,17669,35.76
20,527,DCMSRIND,EQ,223327,119764,53.63
20,528,DCW,EQ,23323058,7870186,33.74
20,529,DCXINDIA,EQ,1847249,1168049,63.23
20,530,DECCANCE,EQ,34322,17703,51.58
20,531,DEEPAKFERT,EQ,1495356,833815,55.76
20,532,DEEPAKNTR,EQ,186156,95007,51.04
20,533,DEEPENR,EQ,57479,29819,51.88
20,534,DEEPINDS,EQ,111920,69579,62.17
20,535,DELAPLEX,ST,268800,261600,97.32
20,536,DELHIVERY,EQ,9783058,5084472,51.97
20,537,DELPHIFX,EQ,17575,12080,68.73
20,538,DELTACORP,EQ,2283916,1116052,48.87
20,539,DELTAMAGNT,EQ,14782,11611,78.55
20,540,DEN,EQ,12763828,3992566,31.28
20,541,DENEERS,SM,24000,16800,70.00
20,542,DENORA,EQ,36844,20297,55.09
20,543,DENTALKART,SM,12750,10750,84.31
20,544,DESTINY,SM,3000,3000,100.00
20,545,DEVIT,EQ,20265,13404,66.14
20,546,DEVYANI,EQ,4756026,2984561,62.75
20,547,DGCONTENT,EQ,10775,9126,84.70
20,548,DHAMPURSUG,EQ,712253,188292,26.44
20,549,DHANBANK,EQ,2718587,1923290,70.75
20,550,DHANI,EQ,1662867,914628,55.00
20,551,DHANILOANS,N6,14,14,100.00
20,552,DHANILOANS,NF,333,333,100.00
20,553,DHANILOANS,NO,10,10,100.00
20,554,DHANILOANS,NV,1,1,100.00
20,555,DHANILOANS,NW,2,2,100.00
20,556,DHANILOANS,NX,362,60,16.57
20,557,DHANUKA,EQ,291675,122094,41.86
20,558,DHARMAJ,EQ,135980,65260,47.99
20,559,DHRUV,EQ,1532527,778901,50.82
20,560,DHTL,ST,6400,6400,100.00
20,561,DHUNINV,EQ,7215,4158,57.63
20,562,DIAMINESQ,EQ,15405,9539,61.92
20,563,DIAMONDYD,EQ,295367,175111,59.29
20,564,DICIND,EQ,8825,6773,76.75
20,565,DIGIKORE,SM,2400,1600,66.67
20,566,DIGISPICE,EQ,787533,448923,57.00
20,567,DIL,EQ,4592894,2814349,61.28
20,568,DISHTV,EQ,44280959,11133367,25.14
20,569,DIVGIITTS,EQ,122956,67179,54.64
20,570,DIVISLAB,EQ,518516,314414,60.64
20,571,DIVOPPBEES,EQ,72636,49977,68.80
20,572,DIXON,EQ,483413,125918,26.05
20,573,DJML,EQ,24485,15789,64.48
20,574,DKEGL,SM,12000,4500,37.50
20,575,DLF,EQ,3023829,1401307,46.34
20,576,DLINKINDIA,EQ,528603,288005,54.48
20,577,DMART,EQ,216052,155391,71.92
20,578,DMCC,EQ,15526,8166,52.60
20,579,DODLA,EQ,40680,19369,47.61
20,580,DOLATALGO,EQ,1543199,726497,47.08
20,581,DOLLAR,EQ,68587,32494,47.38
20,582,DOLLEX,SM,128000,84000,65.63
20,583,DOMS,EQ,54743,37343,68.22
20,584,DONEAR,EQ,1208920,546130,45.18
20,585,DPABHUSHAN,EQ,6716,4353,64.82
20,586,DPSCLTD,EQ,3459616,2052967,59.34
20,587,DPWIRES,EQ,39335,18678,47.48
20,588,DREAMFOLKS,EQ,372187,161729,43.45
20,589,DRL,SM,6000,6000,100.00
20,590,DRONE,SM,49000,35000,71.43
20,591,DRREDDY,EQ,425297,233459,54.89
20,592,DSPBANKETF,EQ,32306,16432,50.86
20,593,DSPGOLDETF,EQ,13351,11387,85.29
20,594,DSPITETF,EQ,19393,8936,46.08
20,595,DSPN50ETF,EQ,1351,766,56.70
20,596,DSPNEWETF,EQ,4576,2497,54.57
20,597,DSPPSBKETF,EQ,57269,20300,35.45
20,598,DSPPVBKETF,EQ,58626,39587,67.52
20,599,DSPQ50ETF,EQ,2611,1297,49.67
20,600,DSPSENXETF,EQ,468,351,75.00
20,601,DSPSILVETF,EQ,5347,4912,91.86
20,602,DSSL,EQ,53138,26675,50.20
20,603,DTIL,EQ,29965,13791,46.02
20,604,DUCOL,SM,12800,9600,75.00
20,605,DUGLOBAL,SM,57500,45000,78.26
20,606,DVL,EQ,98380,51115,51.96
20,607,DWARKESH,EQ,4503833,1449656,32.19
20,608,DYCL,EQ,120911,56381,46.63
20,609,DYNAMATECH,EQ,32454,23587,72.68
20,610,DYNAMIC,SM,46000,32000,69.57
20,611,DYNPRO,EQ,32618,18550,56.87
20,612,EASEMYTRIP,EQ,41765480,17916321,42.90
20,613,EBBETF0425,EQ,7793,7367,94.53
20,614,EBBETF0430,EQ,10834,8715,80.44
20,615,EBBETF0431,EQ,15056,13558,90.05
20,616,EBBETF0433,EQ,3354,3048,90.88
20,617,ECLERX,EQ,85615,46143,53.90
20,618,ECLFINANCE,NJ,115,100,86.96
20,619,ECLFINANCE,NR,258,219,84.88
20,620,ECLFINANCE,NS,98,98,100.00
20,621,EDELWEISS,EQ,7630230,3480541,45.62
20,622,EFACTOR,SM,43200,30400,70.37
20,623,EFORCE,SM,310800,213600,68.73
20,624,EGOLD,EQ,10487,4694,44.76
20,625,EICHERMOT,EQ,592181,316209,53.40
20,626,EIDPARRY,EQ,941855,565179,60.01
20,627,EIFFL,EQ,23751,20421,85.98
20,628,EIHAHOTELS,EQ,255515,41573,16.27
20,629,EIHOTEL,EQ,1183958,445902,37.66
20,630,EKC,EQ,6439979,2469041,38.34
20,631,ELDEHSG,EQ,6030,3289,54.54
20,632,ELECON,EQ,282890,144401,51.04
20,633,ELECTCAST,EQ,6966951,4657335,66.85
20,634,ELGIEQUIP,EQ,196719,99407,50.53
20,635,ELGIRUBCO,EQ,80108,56896,71.02
20,636,ELIN,EQ,222227,122864,55.29
20,637,EMAMILTD,EQ,309361,164113,53.05
20,638,EMAMIPAP,EQ,115504,61231,53.01
20,639,EMBASSY,RR,240346,171532,71.37
20,640,EMIL,EQ,167071,100010,59.86
20,641,EMKAYTOOLS,SM,1200,900,75.00
20,642,EMMBI,EQ,201398,129851,64.47
20,643,EMSLIMITED,EQ,559371,367197,65.64
20,644,EMUDHRA,EQ,1393155,479024,34.38
20,645,ENDURANCE,EQ,27792,11747,42.27
20,646,ENGINERSIN,EQ,21578662,7164418,33.20
20,647,ENIL,EQ,1824333,519860,28.50
20,648,EPACK,EQ,2353708,833665,35.42
20,649,EPIGRAL,EQ,57930,31003,53.52
20,650,EPL,EQ,852500,455594,53.44
20,651,EQUITASBNK,EQ,5591537,3041920,54.40
20,652,ERFLNCDI,N5,1,1,100.00
20,653,ERIS,EQ,123372,68726,55.71
20,654,EROSMEDIA,EQ,1154532,537954,46.59
20,655,ESABINDIA,EQ,6918,3996,57.76
20,656,ESAFSFB,EQ,1609616,763846,47.46
20,657,ESCORTS,EQ,124224,42068,33.86
20,658,ESFL,SM,25200,21600,85.71
20,659,ESG,EQ,60746,53679,88.37
20,660,ESILVER,EQ,44886,43278,96.42
20,661,ESSARSHPNG,EQ,415362,287476,69.21
20,662,ESTER,EQ,136489,85404,62.57
20,663,ETHOSLTD,EQ,68983,51817,75.12
20,664,EUROBOND,SM,6000,4000,66.67
20,665,EUROTEXIND,EQ,4235,3963,93.58
20,666,EVEREADY,EQ,287979,148144,51.44
20,667,EVERESTIND,EQ,19623,9206,46.91
20,668,EXCELINDUS,EQ,12901,8372,64.89
20,669,EXIDEIND,EQ,4765223,1916879,40.23
20,670,EXPLEOSOL,EQ,16419,8060,49.09
20,671,EXXARO,EQ,230448,153925,66.79
20,672,FACT,EQ,634597,278290,43.85
20,673,FAIRCHEMOR,EQ,32625,22399,68.66
20,674,FAZE3Q,EQ,110071,48305,43.89
20,675,FCL,EQ,284118,137662,48.45
20,676,FCSSOFT,EQ,48064932,25713450,53.50
20,677,FDC,EQ,365189,139650,38.24
20,678,FEDERALBNK,EQ,15973650,5561301,34.82
20,679,FEDFINA,EQ,450887,290295,64.38
20,680,FELIX,ST,15000,15000,100.00
20,681,FIBERWEB,EQ,427499,241202,56.42
20,682,FIDEL,SM,15000,14000,93.33
20,683,FIEMIND,EQ,78506,48531,61.82
20,684,FILATEX,EQ,3006436,1474776,49.05
20,685,FINCABLES,EQ,194770,105723,54.28
20,686,FINEORG,EQ,39048,19384,49.64
20,687,FINIETF,EQ,232517,191111,82.19
20,688,FINOPB,EQ,1904159,655002,34.40
20,689,FINPIPE,EQ,574923,269782,46.92
20,690,FIVESTAR,EQ,557484,369116,66.21
20,691,FLAIR,EQ,161113,95998,59.58
20,692,FLEXITUFF,EQ,36518,27737,75.95
20,693,FLUOROCHEM,EQ,89756,45136,50.29
20,694,FMCGIETF,EQ,17455,13408,76.81
20,695,FMGOETZE,EQ,585668,324405,55.39
20,696,FOCE,SM,200,200,100.00
20,697,FOCUS,EQ,410569,215700,52.54
20,698,FONEBOX,ST,168000,168000,100.00
20,699,FOODSIN,EQ,723266,469950,64.98
20,700,FORTIS,EQ,1495004,772191,51.65
20,701,FOSECOIND,EQ,3107,1718,55.29
20,702,FROG,SM,135200,102800,76.04
20,703,FSL,EQ,1930715,821119,42.53
20,704,FUSION,EQ,508922,301965,59.33
20,705,GABRIEL,EQ,320927,130556,40.68
20,706,GAEL,EQ,1643776,787282,47.89
20,707,GAIL,EQ,57505480,27453225,47.74
20,708,GALAXYSURF,EQ,28376,13409,47.25
20,709,GALLANTT,EQ,635043,378252,59.56
20,710,GANDHAR,EQ,605163,340353,56.24
20,711,GANDHITUBE,EQ,15005,8186,54.56
20,712,GANECOS,EQ,90223,52144,57.79
20,713,GANESHBE,EQ,2052532,792288,38.60
20,714,GANESHHOUC,EQ,88717,52814,59.53
20,715,GANGESSECU,EQ,11299,6920,61.24
20,716,GARFIBRES,EQ,8378,4870,58.13
20,717,GATECHDVR,EQ,950156,698979,73.56
20,718,GATEWAY,EQ,706375,409608,57.99
20,719,GEECEE,EQ,18900,10189,53.91
20,720,GENCON,EQ,293443,210168,71.62
20,721,GENESYS,EQ,158650,78654,49.58
20,722,GENSOL,EQ,754302,548950,72.78
20,723,GENUSPAPER,EQ,6105642,3490764,57.17
20,724,GENUSPOWER,EQ,950969,640060,67.31
20,725,GEOJITFSL,EQ,1102231,500415,45.40
20,726,GEPIL,EQ,738524,269129,36.44
20,727,GESHIP,EQ,437694,203337,46.46
20,728,GFLLIMITED,EQ,1240247,403403,32.53
20,729,GHCL,EQ,708995,384769,54.27
20,730,GHCLTEXTIL,EQ,5115054,2437864,47.66
20,731,GICHSGFIN,EQ,2184459,625405,28.63
20,732,GICL,SM,141000,141000,100.00
20,733,GICRE,EQ,15083123,1799008,11.93
20,734,GILLETTE,EQ,20258,11724,57.87
20,735,GILT5YBEES,EQ,495442,366485,73.97
20,736,GINNIFILA,EQ,267473,194968,72.89
20,737,GIPCL,EQ,1304691,574551,44.04
20,738,GIRIRAJ,ST,1000,1000,100.00
20,739,GKWLIMITED,EQ,10168,5151,50.66
20,740,GLAND,EQ,258384,192393,74.46
20,741,GLAXO,EQ,323824,144530,44.63
20,742,GLENMARK,EQ,766933,478901,62.44
20,743,GLOBAL,EQ,463747,225291,48.58
20,744,GLOBALPET,SM,43500,16500,37.93
20,745,GLOBUSSPR,EQ,119275,70037,58.72
20,746,GLS,EQ,184842,112111,60.65
20,747,GMBREW,EQ,36794,20319,55.22
20,748,GMDCLTD,EQ,12695652,3896766,30.69
20,749,GMMPFAUDLR,EQ,251427,181942,72.36
20,750,GMRINFRA,EQ,84036591,34128060,40.61
20,751,GMRP&UI,EQ,8978270,5041369,56.15
20,752,GNA,EQ,80327,39796,49.54
20,753,GNFC,EQ,1063281,549499,51.68
20,754,GOACARBON,EQ,1057597,208125,19.68
20,755,GOCLCORP,EQ,98661,49768,50.44
20,756,GOCOLORS,EQ,34892,19656,56.33
20,757,GODFRYPHLP,EQ,139578,39131,28.04
20,758,GODREJAGRO,EQ,149343,84773,56.76
20,759,GODREJCP,EQ,2290338,1700875,74.26
20,760,GODREJIND,EQ,618354,508462,82.23
20,761,GODREJPROP,EQ,743288,288133,38.76
20,762,GOKEX,EQ,292229,140225,47.98
20,763,GOKULAGRO,EQ,390737,255575,65.41
20,764,GOLDBEES,EQ,5752682,4454417,77.43
20,765,GOLDETF,EQ,57463,48116,83.73
20,766,GOLDIAM,EQ,3274448,1251081,38.21
20,767,GOLDIETF,EQ,725271,592871,81.74
20,768,GOLDSHARE,EQ,83168,51538,61.97
20,769,GOLDSTAR,SM,67500,67500,100.00
20,770,GOODLUCK,EQ,183163,109809,59.95
20,771,GOYALSALT,SM,60000,54000,90.00
20,772,GPIL,EQ,310676,168538,54.25
20,773,GPPL,EQ,7268200,2558770,35.21
20,774,GRANULES,EQ,1975991,816052,41.30
20,775,GRAPHISAD,SM,60000,45600,76.00
20,776,GRAPHITE,EQ,7792825,2017059,25.88
20,777,GRASIM,EQ,949717,648696,68.30
20,778,GRAVITA,EQ,228614,103901,45.45
20,779,GRCL,SM,6000,6000,100.00
20,780,GREAVESCOT,EQ,3953688,1573185,39.79
20,781,GREENCHEF,SM,40800,36000,88.24
20,782,GREENLAM,EQ,134374,59194,44.05
20,783,GREENPANEL,EQ,318766,168671,52.91
20,784,GREENPLY,EQ,169982,82469,48.52
20,785,GREENPOWER,EQ,28783003,18854434,65.51
20,786,GRINDWELL,EQ,27205,16845,61.92
20,787,GRINFRA,EQ,283579,134929,47.58
20,788,GRMOVER,EQ,137186,68350,49.82
20,789,GROBTEA,EQ,709,449,63.33
20,790,GRPLTD,EQ,88,63,71.59
20,791,GRSE,EQ,580336,268713,46.30
20,792,GRWRHITECH,EQ,17190,10176,59.20
20,793,GSEC10IETF,EQ,225,225,100.00
20,794,GSEC10YEAR,EQ,827,549,66.38
20,795,GSEC5IETF,EQ,6677,6626,99.24
20,796,GSFC,EQ,6795058,3159430,46.50
20,797,GSLSU,EQ,625863,127293,20.34
20,798,GSPL,EQ,3442650,1864879,54.17
20,799,GSS,EQ,155541,87590,56.31
20,800,GSTL,SM,33000,27000,81.82
20,801,GTLINFRA,EQ,11051257,11051257,100.00
20,802,GTPL,EQ,373340,106632,28.56
20,803,GUFICBIO,EQ,184049,94623,51.41
20,804,GUJALKALI,EQ,369148,167061,45.26
20,805,GUJGASLTD,EQ,823613,290889,35.32
20,806,GULFOILLUB,EQ,422541,195173,46.19
20,807,GULFPETRO,EQ,439245,259430,59.06
20,808,GULPOLY,EQ,150769,86001,57.04
20,809,HAL,EQ,936558,494972,52.85
20,810,HAPPSTMNDS,EQ,305996,185133,60.50
20,811,HAPPYFORGE,EQ,136964,84555,61.74
20,812,HARDWYN,EQ,330001,141907,43.00
20,813,HARIOMPIPE,EQ,123072,53883,43.78
20,814,HARRMALAYA,EQ,71809,47512,66.16
20,815,HARSHA,EQ,65997,37955,57.51
20,816,HATHWAY,EQ,94920953,30326578,31.95
20,817,HATSUN,EQ,35295,26808,75.95
20,818,HAVELLS,EQ,1659511,1147644,69.16
20,819,HBLPOWER,EQ,1135816,617763,54.39
20,820,HCC,EQ,44015093,23494403,53.38
20,821,HCG,EQ,389928,273371,70.11
20,822,HCLTECH,EQ,1452864,986101,67.87
20,823,HDFCAMC,EQ,562156,168752,30.02
20,824,HDFCBANK,EQ,19302523,9505231,49.24
20,825,HDFCBSE500,EQ,28830,11848,41.10
20,826,HDFCGOLD,EQ,1170542,1040134,88.86
20,827,HDFCGROWTH,EQ,5905,3313,56.10
20,828,HDFCLIFE,EQ,3750294,2182763,58.20
20,829,HDFCLIQUID,EQ,1565,1104,70.54
20,830,HDFCLOWVOL,EQ,16318,11943,73.19
20,831,HDFCMID150,EQ,194618,128400,65.98
20,832,HDFCMOMENT,EQ,116445,86913,74.64
20,833,HDFCNEXT50,EQ,38670,20559,53.17
20,834,HDFCNIF100,EQ,37022,21034,56.81
20,835,HDFCNIFBAN,EQ,93913,54181,57.69
20,836,HDFCNIFIT,EQ,22523,15319,68.01
20,837,HDFCNIFTY,EQ,21601,13577,62.85
20,838,HDFCPVTBAN,EQ,81812,55055,67.29
20,839,HDFCQUAL,EQ,8803,6245,70.94
20,840,HDFCSENSEX,EQ,34014,22971,67.53
20,841,HDFCSILVER,EQ,378163,321556,85.03
20,842,HDFCSML250,EQ,1637555,1463035,89.34
20,843,HDFCVALUE,EQ,3274,2233,68.20
20,844,HEADSUP,EQ,584159,518702,88.79
20,845,HEALTHIETF,EQ,20413,16532,80.99
20,846,HEALTHY,EQ,340837,228468,67.03
20,847,HEG,EQ,1528849,402753,26.34
20,848,HEIDELBERG,EQ,426275,237057,55.61
20,849,HEMIPROP,EQ,6917030,2080520,30.08
20,850,HERANBA,EQ,194677,107711,55.33
20,851,HERCULES,EQ,357648,99895,27.93
20,852,HERITGFOOD,EQ,320745,162015,50.51
20,853,HEROMOTOCO,EQ,425966,209310,49.14
20,854,HESTERBIO,EQ,15385,10281,66.82
20,855,HEUBACHIND,EQ,78749,41628,52.86
20,856,HEXATRADEX,EQ,11032,7413,67.20
20,857,HFCL,EQ,28710804,10611265,36.96
20,858,HGINFRA,EQ,307499,133549,43.43
20,859,HGS,EQ,21325,14915,69.94
20,860,HIGREEN,SM,139200,99200,71.26
20,861,HIKAL,EQ,127392,71095,55.81
20,862,HIL,EQ,35353,19467,55.06
20,863,HILTON,EQ,1013524,495453,48.88
20,864,HIMATSEIDE,EQ,822076,416131,50.62
20,865,HINDALCO,EQ,4801118,1964941,40.93
20,866,HINDCOMPOS,EQ,17280,8515,49.28
20,867,HINDCOPPER,EQ,9518730,3868176,40.64
20,868,HINDMOTORS,EQ,3479207,1934862,55.61
20,869,HINDOILEXP,EQ,1585012,580383,36.62
20,870,HINDPETRO,EQ,18304224,6537259,35.71
20,871,HINDUNILVR,EQ,1315445,940761,71.52
20,872,HINDWAREAP,EQ,31502,16511,52.41
20,873,HINDZINC,EQ,802078,487593,60.79
20,874,HIRECT,EQ,8569,5483,63.99
20,875,HISARMETAL,EQ,32421,21246,65.53
20,876,HITECH,EQ,1068896,796115,74.48
20,877,HITECHCORP,EQ,20136,11147,55.36
20,878,HITECHGEAR,EQ,12151,7798,64.18
20,879,HLEGLAS,EQ,70582,39666,56.20
20,880,HLVLTD,EQ,1574270,958015,60.85
20,881,HMAAGRO,EQ,924401,580042,62.75
20,882,HMVL,EQ,261668,119802,45.78
20,883,HNDFDS,EQ,93520,51167,54.71
20,884,HNGSNGBEES,EQ,116695,78483,67.25
20,885,HOLMARC,SM,27000,21000,77.78
20,886,HOMEFIRST,EQ,251927,161941,64.28
20,887,HOMESFY,SM,1800,1500,83.33
20,888,HONASA,EQ,303090,128815,42.50
20,889,HONAUT,EQ,2418,1169,48.35
20,890,HONDAPOWER,EQ,17087,7019,41.08
20,891,HPAL,EQ,806001,251459,31.20
20,892,HPIL,EQ,7219,4482,62.09
20,893,HPL,EQ,563783,313580,55.62
20,894,HRHNEXT,SM,117000,90000,76.92
20,895,HTMEDIA,EQ,2756028,1160367,42.10
20,896,HUBTOWN,EQ,378211,250743,66.30
20,897,HUDCO,EQ,34846849,11201560,32.15
20,898,HUDCO,N2,9799,8484,86.58
20,899,HUDCO,N5,1134,868,76.54
20,900,HUDCO,N8,1844,1039,56.34
20,901,HUDCO,N9,991,746,75.28
20,902,HUDCO,NC,100,100,100.00
20,903,HUDCO,ND,348,285,81.90
20,904,HUDCO,NE,953,700,73.45
20,905,HUHTAMAKI,EQ,125913,70147,55.71
20,906,IBLFL,SM,274000,216000,78.83
20,907,IBREALEST,EQ,39366293,13919524,35.36
20,908,IBUCCREDIT,NB,2,2,100.00
20,909,IBUCCREDIT,NO,281,281,100.00
20,910,IBUCCREDIT,NR,10,10,100.00
20,911,IBUCCREDIT,NS,100,50,50.00
20,912,IBULHSG,N5,10,10,100.00
20,913,IBULHSG,N7,10,10,100.00
20,914,IBULHSG,NN,10,10,100.00
20,915,IBULHSG,NV,7,7,100.00
20,916,IBULHSG,Y1,30,30,100.00
20,917,IBULHSG,Y3,10,10,100.00
20,918,IBULHSG,YI,60,60,100.00
20,919,IBULHSGFIN,AG,6,6,100.00
20,920,IBULHSGFIN,AH,24,12,50.00
20,921,IBULHSGFIN,AP,12,12,100.00
20,922,IBULHSGFIN,AT,24,24,100.00
20,923,IBULHSGFIN,AX,23,21,91.30
20,924,IBULHSGFIN,AZ,40,40,100.00
20,925,IBULHSGFIN,BC,10,10,100.00
20,926,IBULHSGFIN,BF,42,42,100.00
20,927,IBULHSGFIN,EQ,12296887,5402841,43.94
20,928,IBULHSGFIN,N0,57,57,100.00
20,929,IBULHSGFIN,N8,57,57,100.00
20,930,IBULHSGFIN,N9,5,5,100.00
20,931,IBULHSGFIN,NB,6,6,100.00
20,932,IBULHSGFIN,NC,50,50,100.00
20,933,IBULHSGFIN,NE,112,110,98.21
20,934,IBULHSGFIN,Y8,6,6,100.00
20,935,IBULHSGFIN,YC,5,5,100.00
20,936,IBULHSGFIN,YI,15,15,100.00
20,937,IBULHSGFIN,YK,10,10,100.00
20,938,IBULHSGFIN,YM,15,15,100.00
20,939,IBULHSGFIN,YP,1,1,100.00
20,940,IBULHSGFIN,YT,5,5,100.00
20,941,IBULHSGFIN,YV,145,143,98.62
20,942,IBULHSGFIN,Z5,84,84,100.00
20,943,IBULHSGFIN,Z9,8,8,100.00
20,944,IBULHSGFIN,ZB,13,13,100.00
20,945,IBULHSGFIN,ZJ,2,2,100.00
20,946,IBULHSGFIN,ZS,5,5,100.00
20,947,IBULHSGFIN,ZX,2,1,50.00
20,948,ICEMAKE,EQ,116738,44786,38.36
20,949,ICICIB22,EQ,1310659,956128,72.95
20,950,ICICIBANK,EQ,12948430,5063778,39.11
20,951,ICICIGI,EQ,379612,206762,54.47
20,952,ICICIPRULI,EQ,1097731,704561,64.18
20,953,ICIL,EQ,448880,243203,54.18
20,954,ICRA,EQ,2580,1342,52.02
20,955,IDBI,EQ,102611804,23240988,22.65
20,956,IDEA,EQ,189236646,59892583,31.65
20,957,IDEAFORGE,EQ,144602,86225,59.63
20,958,IDFC,EQ,6853435,4263877,62.22
20,959,IDFCFIRSTB,EQ,38399805,14462781,37.66
20,960,IDFNIFTYET,EQ,837,548,65.47
20,961,IEX,EQ,10164252,4085222,40.19
20,962,IFBAGRO,EQ,15721,8539,54.32
20,963,IFBIND,EQ,87434,47905,54.79
20,964,IFCI,EQ,52106407,17456518,33.50
20,965,IFCI,NH,1856,1605,86.48
20,966,IFCI,NI,25,25,100.00
20,967,IFCI,NL,99,99,100.00
20,968,IFGLEXPOR,EQ,509144,259056,50.88
20,969,IGARASHI,EQ,164846,78975,47.91
20,970,IGL,EQ,2983394,1484563,49.76
20,971,IGPL,EQ,56596,23048,40.72
20,972,IIFCL,N1,100,100,100.00
20,973,IIFCL,N4,100,100,100.00
20,974,IIFL,EQ,785505,394203,50.18
20,975,IIFL,NC,178,178,100.00
20,976,IIFL,NE,437,437,100.00
20,977,IIFL,NF,795,681,85.66
20,978,IIFL,NG,330,330,100.00
20,979,IIFL,NJ,350,350,100.00
20,980,IIFL,NL,376,376,100.00
20,981,IIFL,NM,100,100,100.00
20,982,IIFL,NN,500,500,100.00
20,983,IIFL,NO,30,30,100.00
20,984,IIFL,NP,50,50,100.00
20,985,IIFL,NS,475,475,100.00
20,986,IIFL,NU,200,200,100.00
20,987,IIFL,NV,1004,804,80.08
20,988,IIFL,NZ,191,191,100.00
20,989,IIFLSAMFIN,N0,134,134,100.00
20,990,IIFLSAMFIN,N2,10,10,100.00
20,991,IIFLSAMFIN,N4,520,520,100.00
20,992,IIFLSAMFIN,N5,30,30,100.00
20,993,IIFLSEC,EQ,961493,492405,51.21
20,994,IIHFL,N4,23,23,100.00
20,995,IIHFL,N5,1241,977,78.73
20,996,IIHFL,N7,20,20,100.00
20,997,IIHFL,NC,96,96,100.00
20,998,IIHFL,ND,10,10,100.00
20,999,IKIO,EQ,392037,136979,34.94
20,1000,IMAGICAA,EQ,11181219,4795098,42.89
20,1001,IMC1,N0,648,528,81.48
20,1002,IMC1,N1,1042,691,66.31
20,1003,IMC1,N2,800,443,55.38
20,1004,IMC1,N3,505,486,96.24
20,1005,IMFA,EQ,216443,120085,55.48
20,1006,IMPAL,EQ,6385,4020,62.96
20,1007,INCREDFIN,N4,173,173,100.00
20,1008,INDBANK,EQ,2866989,1244943,43.42
20,1009,INDHOTEL,EQ,4845339,1387843,28.64
20,1010,INDIACEM,EQ,2974430,1346998,45.29
20,1011,INDIAGLYCO,EQ,657772,300274,45.65
20,1012,INDIAMART,EQ,195914,100352,51.22
20,1013,INDIANB,EQ,4727662,2130603,45.07
20,1014,INDIANCARD,EQ,21909,11882,54.23
20,1015,INDIANHUME,EQ,43420,25052,57.70
20,1016,INDIASHLTR,EQ,492531,240676,48.87
20,1017,INDIFRA,SM,32000,28000,87.50
20,1018,INDIGO,EQ,3430174,1313237,38.28
20,1019,INDIGOPNTS,EQ,41877,19885,47.48
20,1020,INDIGRID,IV,4136382,4066099,98.30
20,1021,INDIGRID,ND,500,500,100.00
20,1022,INDIGRID,NJ,200,200,100.00
20,1023,INDIGRID,NL,42,40,95.24
20,1024,INDNIPPON,EQ,36771,21520,58.52
20,1025,INDOAMIN,EQ,324985,154886,47.66
20,1026,INDOBORAX,EQ,104886,56852,54.20
20,1027,INDOCO,EQ,115826,60071,51.86
20,1028,INDORAMA,EQ,640096,299770,46.83
20,1029,INDOTECH,EQ,69284,45962,66.34
20,1030,INDSWFTLAB,EQ,250076,143401,57.34
20,1031,INDSWFTLTD,EQ,137929,86491,62.71
20,1032,INDTERRAIN,EQ,273187,139002,50.88
20,1033,INDUSINDBK,EQ,2624023,1016855,38.75
20,1034,INDUSTOWER,EQ,12688736,7007978,55.23
20,1035,INFIBEAM,EQ,54583445,30851338,56.52
20,1036,INFINIUM,SM,6500,6500,100.00
20,1037,INFOBEAN,EQ,22591,11370,50.33
20,1038,INFOLLION,SM,28000,23200,82.86
20,1039,INFRABEES,EQ,17756,14804,83.37
20,1040,INFRAIETF,EQ,169892,148318,87.30
20,1041,INFY,EQ,3634135,2554793,70.30
20,1042,INGERRAND,EQ,16976,7182,42.31
20,1043,INNOVACAP,EQ,171630,63312,36.89
20,1044,INNOVANA,SM,3000,3000,100.00
20,1045,INNOVATIVE,ST,123000,120000,97.56
20,1046,INOXINDIA,EQ,441668,284287,64.37
20,1047,INOXWIND,EQ,2703897,1682583,62.23
20,1048,INSECTICID,EQ,46045,23664,51.39
20,1049,INSPIRE,SM,14000,12000,85.71
20,1050,INTELLECT,EQ,949929,294181,30.97
20,1051,INTENTECH,EQ,423370,220303,52.04
20,1052,INTLCONV,EQ,5312987,1903579,35.83
20,1053,IOB,EQ,239341270,38026983,15.89
20,1054,IOC,EQ,101043319,22005692,21.78
20,1055,IOLCP,EQ,271569,104648,38.53
20,1056,IONEXCHANG,EQ,411137,243926,59.33
20,1057,IPCALAB,EQ,463804,188989,40.75
20,1058,IPL,EQ,3584391,636551,17.76
20,1059,IRB,EQ,62417172,28590773,45.81
20,1060,IRBINVIT,IV,612616,543762,88.76
20,1061,IRCON,EQ,16336679,5847414,35.79
20,1062,IRCTC,EQ,3260389,1115593,34.22
20,1063,IREDA,EQ,27925173,11860705,42.47
20,1064,IREDA,N1,33,31,93.94
20,1065,IREDA,N7,735,470,63.95
20,1066,IRFC,EQ,68987316,33823210,49.03
20,1067,IRFC,N2,155,153,98.71
20,1068,IRFC,N4,256,218,85.16
20,1069,IRFC,N8,100,100,100.00
20,1070,IRFC,NA,250,250,100.00
20,1071,IRFC,NC,20,20,100.00
20,1072,IRFC,ND,1,1,100.00
20,1073,IRFC,NE,931,531,57.04
20,1074,IRFC,NI,101,101,100.00
20,1075,IRFC,NJ,337,325,96.44
20,1076,IRFC,NK,46,46,100.00
20,1077,IRFC,NN,5,5,100.00
20,1078,IRFC,NO,1343,920,68.50
20,1079,IRIS,EQ,43627,26039,59.69
20,1080,IRISDOREME,EQ,338711,145435,42.94
20,1081,IRMENERGY,EQ,356809,159436,44.68
20,1082,ISEC,EQ,284351,178845,62.90
20,1083,ISFT,EQ,196099,78270,39.91
20,1084,ISGEC,EQ,72728,45797,62.97
20,1085,ISHAN,ST,144000,96000,66.67
20,1086,ISMTLTD,EQ,2241601,764955,34.13
20,1087,ITBEES,EQ,3646272,2323179,63.71
20,1088,ITC,EQ,12041897,9041318,75.08
20,1089,ITDC,EQ,1229462,256938,20.90
20,1090,ITDCEM,EQ,598071,268486,44.89
20,1091,ITETF,EQ,31921,18983,59.47
20,1092,ITI,EQ,6340451,1260508,19.88
20,1093,ITIETF,EQ,526975,225646,42.82
20,1094,IVZINGOLD,EQ,71,51,71.83
20,1095,IVZINNIFTY,EQ,25,13,52.00
20,1096,JAGRAN,EQ,359840,214511,59.61
20,1097,JAGSNPHARM,EQ,433760,269406,62.11
20,1098,JAICORPLTD,EQ,608335,195655,32.16
20,1099,JAINAM,SM,16000,16000,100.00
20,1100,JAIPURKURT,EQ,10798,7356,68.12
20,1101,JALAN,SM,9000,9000,100.00
20,1102,JAMNAAUTO,EQ,6604912,3751465,56.80
20,1103,JASH,EQ,64598,33665,52.11
20,1104,JAYAGROGN,EQ,84722,43434,51.27
20,1105,JAYBARMARU,EQ,196100,144541,73.71
20,1106,JAYNECOIND,EQ,545866,361024,66.14
20,1107,JAYSREETEA,EQ,225408,102255,45.36
20,1108,JBCHEPHARM,EQ,117851,75137,63.76
20,1109,JBMA,EQ,146004,60352,41.34
20,1110,JCHAC,EQ,35271,13814,39.17
20,1111,JETFREIGHT,EQ,262099,168869,64.43
20,1112,JFLLIFE,SM,46000,36000,78.26
20,1113,JHS,EQ,575754,391054,67.92
20,1114,JINDALPHOT,EQ,14823,9049,61.05
20,1115,JINDALPOLY,EQ,25193,16881,67.01
20,1116,JINDALSAW,EQ,846900,542079,64.01
20,1117,JINDALSTEL,EQ,3291771,1395252,42.39
20,1118,JINDRILL,EQ,99693,63681,63.88
20,1119,JINDWORLD,EQ,361906,148559,41.05
20,1120,JIOFIN,EQ,211028604,59807921,28.34
20,1121,JISLDVREQS,EQ,36141,27335,75.63
20,1122,JISLJALEQS,EQ,5242571,2193854,41.85
20,1123,JIWANRAM,SM,78000,54000,69.23
20,1124,J&KBANK,EQ,19150654,6155937,32.14
20,1125,JKCEMENT,EQ,87366,43561,49.86
20,1126,JKIL,EQ,281146,118184,42.04
20,1127,JKLAKSHMI,EQ,173309,75581,43.61
20,1128,JKPAPER,EQ,1835588,1048330,57.11
20,1129,JKTYRE,EQ,1361287,796974,58.55
20,1130,JLHL,EQ,28818,11749,40.77
20,1131,JMA,EQ,200717,88389,44.04
20,1132,JMFINANCIL,EQ,3786110,1584881,41.86
20,1133,JOCIL,EQ,93157,55394,59.46
20,1134,JPASSOCIAT,EQ,45008990,24995095,55.53
20,1135,JPOLYINVST,EQ,24595,16005,65.07
20,1136,JPPOWER,EQ,144472834,68025644,47.09
20,1137,JSL,EQ,3229617,1408841,43.62
20,1138,JSLL,SM,47340,38160,80.61
20,1139,JSWENERGY,EQ,2921559,1067243,36.53
20,1140,JSWHL,EQ,3755,1730,46.07
20,1141,JSWINFRA,EQ,8379742,4341107,51.80
20,1142,JSWSTEEL,EQ,2056107,765409,37.23
20,1143,JTEKTINDIA,EQ,191630,101221,52.82
20,1144,JTLIND,EQ,2427521,1075742,44.31
20,1145,JUBLFOOD,EQ,6124340,3236178,52.84
20,1146,JUBLINDS,EQ,24377,16561,67.94
20,1147,JUBLINGREA,EQ,383798,216756,56.48
20,1148,JUBLPHARMA,EQ,864857,373944,43.24
20,1149,JUNIORBEES,EQ,176362,115081,65.25
20,1150,JUSTDIAL,EQ,608623,185034,30.40
20,1151,JWL,EQ,1558675,980599,62.91
20,1152,JYOTHYLAB,EQ,934186,490596,52.52
20,1153,JYOTICNC,EQ,430187,197756,45.97
20,1154,KABRAEXTRU,EQ,84452,48861,57.86
20,1155,KAJARIACER,EQ,159914,96734,60.49
20,1156,KAKATCEM,EQ,22498,14316,63.63
20,1157,KALAMANDIR,EQ,403508,189177,46.88
20,1158,KALYANKJIL,EQ,2074851,1271399,61.28
20,1159,KAMATHOTEL,EQ,98663,63038,63.89
20,1160,KAMDHENU,EQ,241768,146626,60.65
20,1161,KAMOPAINTS,EQ,7620367,3498207,45.91
20,1162,KANANIIND,EQ,2005082,1454644,72.55
20,1163,KANDARP,SM,372000,308000,82.80
20,1164,KANORICHEM,EQ,57526,33481,58.20
20,1165,KANPRPLA,EQ,318026,160671,50.52
20,1166,KANSAINER,EQ,1021828,302882,29.64
20,1167,KARNIKA,SM,147200,137600,93.48
20,1168,KARURVYSYA,EQ,1847864,1023898,55.41
20,1169,KAYA,EQ,22332,13832,61.94
20,1170,KAYNES,EQ,106183,58496,55.09
20,1171,KBCGLOBAL,EQ,10229354,5850509,57.19
20,1172,KCEIL,SM,276000,158000,57.25
20,1173,KCK,ST,8000,8000,100.00
20,1174,KCP,EQ,1039831,543969,52.31
20,1175,KCPSUGIND,EQ,6218154,2114528,34.01
20,1176,KDDL,EQ,7460,4085,54.76
20,1177,KDL,SM,21200,21200,100.00
20,1178,KEC,EQ,338579,177417,52.40
20,1179,KECL,EQ,765755,470386,61.43
20,1180,KEI,EQ,92970,35394,38.07
20,1181,KEL,SM,57600,45600,79.17
20,1182,KELLTONTEC,EQ,1251335,719635,57.51
20,1183,KESORAMIND,EQ,881558,508473,57.68
20,1184,KEYFINSERV,EQ,13260,6875,51.85
20,1185,KFINTECH,EQ,642641,332663,51.76
20,1186,KHADIM,EQ,42190,31619,74.94
20,1187,KHAICHEM,EQ,628542,366736,58.35
20,1188,KHAITANLTD,EQ,15866,14292,90.08
20,1189,KHANDSE,EQ,79706,53981,67.73
20,1190,KHFM,SM,27900,18600,66.67
20,1191,KICL,EQ,4534,2689,59.31
20,1192,KILITCH,EQ,8415,5416,64.36
20,1193,KIMS,EQ,131596,87069,66.16
20,1194,KINGFA,EQ,6295,3989,63.37
20,1195,KIOCL,EQ,961556,323493,33.64
20,1196,KIRIINDUS,EQ,310681,131608,42.36
20,1197,KIRLOSBROS,EQ,25378,17950,70.73
20,1198,KIRLOSENG,EQ,166958,84236,50.45
20,1199,KIRLOSIND,EQ,3124,1548,49.55
20,1200,KIRLPNU,EQ,146658,40327,27.50
20,1201,KITEX,EQ,2043122,716680,35.08
20,1202,KKCL,EQ,26526,17204,64.86
20,1203,KLL,SM,150400,113600,75.53
20,1204,KMSUGAR,EQ,4957034,2208840,44.56
20,1205,KNAGRI,SM,33600,20800,61.90
20,1206,KNRCON,EQ,1073991,625201,58.21
20,1207,KODYTECH,SM,39200,28000,71.43
20,1208,KOKUYOCMLN,EQ,135060,88492,65.52
20,1209,KOLTEPATIL,EQ,391434,207758,53.08
20,1210,KONSTELEC,ST,26000,26000,100.00
20,1211,KONTOR,SM,10800,8400,77.78
20,1212,KOPRAN,EQ,557652,218914,39.26
20,1213,KORE,SM,10000,10000,100.00
20,1214,KOTAKALPHA,EQ,969585,544680,56.18
20,1215,KOTAKBANK,EQ,3460806,942704,27.24
20,1216,KOTAKBKETF,EQ,32143,22923,71.32
20,1217,KOTAKCONS,EQ,2090,1127,53.92
20,1218,KOTAKGOLD,EQ,217819,139733,64.15
20,1219,KOTAKIT,EQ,38547,22525,58.44
20,1220,KOTAKLIQ,EQ,698,474,67.91
20,1221,KOTAKLOVOL,EQ,37131,23179,62.42
20,1222,KOTAKMID50,EQ,32594,20006,61.38
20,1223,KOTAKMNC,EQ,7897,3524,44.62
20,1224,KOTAKNIFTY,EQ,19090,13052,68.37
20,1225,KOTAKNV20,EQ,29148,15107,51.83
20,1226,KOTAKPSUBK,EQ,30884,11757,38.07
20,1227,KOTAKSILVE,EQ,22222,18321,82.45
20,1228,KOTARISUG,EQ,3965164,1496032,37.73
20,1229,KOTHARIPET,EQ,87874,56481,64.27
20,1230,KOTHARIPRO,EQ,26542,12952,48.80
20,1231,KOTYARK,SM,45000,29600,65.78
20,1232,KPIGREEN,EQ,69354,47676,68.74
20,1233,KPIL,EQ,173379,66817,38.54
20,1234,KPITTECH,EQ,1490086,595843,39.99
20,1235,KPRMILL,EQ,480583,243711,50.71
20,1236,KRBL,EQ,210514,123102,58.48
20,1237,KREBSBIO,EQ,16329,11608,71.09
20,1238,KRISHANA,EQ,45453,30611,67.35
20,1239,KRISHCA,SM,49500,35500,71.72
20,1240,KRISHIVAL,SM,500,500,100.00
20,1241,KRISHNADEF,SM,29000,24000,82.76
20,1242,KRITI,EQ,183673,83935,45.70
20,1243,KRITINUT,EQ,90891,49831,54.83
20,1244,KRSNAA,EQ,201773,141957,70.35
20,1245,KSB,EQ,28974,14802,51.09
20,1246,KSCL,EQ,320278,172310,53.80
20,1247,KSL,EQ,952631,226061,23.73
20,1248,KSOLVES,EQ,44808,28029,62.55
20,1249,KTKBANK,EQ,1592078,742159,46.62
20,1250,KUANTUM,EQ,205513,110071,53.56
20,1251,LAGNAM,EQ,767651,275823,35.93
20,1252,LAL,EQ,12894,12881,99.90
20,1253,LALPATHLAB,EQ,599526,474778,79.19
20,1254,LAMBODHARA,EQ,43819,27730,63.28
20,1255,LANDMARK,EQ,80309,37698,46.94
20,1256,LAOPALA,EQ,191745,100268,52.29
20,1257,LASA,EQ,96360,72888,75.64
20,1258,LATENTVIEW,EQ,1622653,708971,43.69
20,1259,LATTEYS,EQ,1032459,352411,34.13
20,1260,LAURUSLABS,EQ,873002,345687,39.60
20,1261,LAWSIKHO,ST,93000,89000,95.70
20,1262,LAXMICOT,EQ,46338,35461,76.53
20,1263,LAXMIMACH,EQ,3892,2731,70.17
20,1264,LEMERITE,SM,292800,212800,72.68
20,1265,LEMONTREE,EQ,9717495,4608808,47.43
20,1266,LEXUS,EQ,70847,47452,66.98
20,1267,LFIC,EQ,528085,160320,30.36
20,1268,LGBBROSLTD,EQ,89596,30556,34.10
20,1269,LGBFORGE,EQ,751522,500788,66.64
20,1270,LGHL,EQ,250,165,66.00
20,1271,LIBAS,EQ,1034667,521224,50.38
20,1272,LICHSGFIN,EQ,4528404,1608575,35.52
20,1273,LICI,EQ,17219410,6319200,36.70
20,1274,LICMFGOLD,EQ,173,112,64.74
20,1275,LICNETFGSC,EQ,82246,68847,83.71
20,1276,LICNETFN50,EQ,900,278,30.89
20,1277,LICNETFSEN,EQ,312,191,61.22
20,1278,LICNFNHGP,EQ,1650,279,16.91
20,1279,LIKHITHA,EQ,223393,134007,59.99
20,1280,LINC,EQ,6883,4436,64.45
20,1281,LINCOLN,EQ,47922,29422,61.40
20,1282,LINDEINDIA,EQ,37587,12362,32.89
20,1283,LIQUID,EQ,84927,57603,67.83
20,1284,LIQUIDBEES,EQ,3015376,2318114,76.88
20,1285,LIQUIDCASE,EQ,707318,642452,90.83
20,1286,LIQUIDETF,EQ,408775,299718,73.32
20,1287,LIQUIDIETF,EQ,748579,490817,65.57
20,1288,LIQUIDSBI,EQ,5531,5336,96.47
20,1289,LLOYDS,SM,17000,16000,94.12
20,1290,LLOYDSENGG,EQ,6737792,4603397,68.32
20,1291,LLOYDSME,EQ,272988,165099,60.48
20,1292,LODHA,EQ,789294,441834,55.98
20,1293,LOKESHMACH,EQ,145523,92609,63.64
20,1294,LORDSCHLO,EQ,41009,23842,58.14
20,1295,LOTUSEYE,EQ,34008,21128,62.13
20,1296,LOVABLE,EQ,84496,50996,60.35
20,1297,LOWVOL,EQ,805,627,77.89
20,1298,LOWVOLIETF,EQ,551104,495642,89.94
20,1299,LOYALTEX,EQ,2283,1175,51.47
20,1300,LPDC,EQ,299480,150564,50.28
20,1301,LRRPL,SM,36000,36000,100.00
20,1302,LT,EQ,2954238,2036923,68.95
20,1303,L&TFH,EQ,10954847,5935413,54.18
20,1304,L&TFIN,N1,75,75,100.00
20,1305,L&TFIN,N3,38,38,100.00
20,1306,L&TFIN,N7,3,3,100.00
20,1307,L&TFIN,ND,4,4,100.00
20,1308,L&TFIN,NJ,573,420,73.30
20,1309,L&TFIN,NL,1036,704,67.95
20,1310,L&TFIN,NN,920,890,96.74
20,1311,LTFOODS,EQ,1470930,884201,60.11
20,1312,LTGILTBEES,EQ,1660367,1363859,82.14
20,1313,LTIM,EQ,301000,175533,58.32
20,1314,LTTS,EQ,69904,29347,41.98
20,1315,LUMAXIND,EQ,12288,4852,39.49
20,1316,LUMAXTECH,EQ,140817,66039,46.90
20,1317,LUPIN,EQ,1484593,529534,35.67
20,1318,LUXIND,EQ,75780,41084,54.21
20,1319,LXCHEM,EQ,1010922,538046,53.22
20,1320,LYKALABS,EQ,61617,43475,70.56
20,1321,LYPSAGEMS,EQ,116797,63333,54.22
20,1322,MAANALU,EQ,91738,72445,78.97
20,1323,MADHAVBAUG,SM,10400,10000,96.15
20,1324,MADHUSUDAN,SM,32000,26000,81.25
20,1325,MADRASFERT,EQ,1142811,538075,47.08
20,1326,MAFANG,EQ,809780,496731,61.34
20,1327,MAGADSUGAR,EQ,68449,20246,29.58
20,1328,MAGNUM,EQ,164856,140550,85.26
20,1329,MAGSON,SM,10000,10000,100.00
20,1330,MAHABANK,EQ,184678185,43924425,23.78
20,1331,MAHAPEXLTD,EQ,19445,10275,52.84
20,1332,MAHASTEEL,EQ,186409,104350,55.98
20,1333,MAHEPC,EQ,114398,58834,51.43
20,1334,MAHESHWARI,EQ,53752,35024,65.16
20,1335,MAHICKRA,SM,9000,6000,66.67
20,1336,MAHKTECH,EQ,1349935,970562,71.90
20,1337,MAHLIFE,EQ,2377830,656949,27.63
20,1338,MAHLOG,EQ,445854,153956,34.53
20,1339,MAHSCOOTER,EQ,6203,3957,63.79
20,1340,MAHSEAMLES,EQ,163321,108109,66.19
20,1341,MAITHANALL,EQ,143197,67843,47.38
20,1342,MAITREYA,SM,14400,9600,66.67
20,1343,MAKEINDIA,EQ,41024,24605,59.98
20,1344,MAKS,ST,3000,3000,100.00
20,1345,MAL,SM,38400,30400,79.17
20,1346,MALLCOM,EQ,19547,15118,77.34
20,1347,MANAKCOAT,EQ,293819,218885,74.50
20,1348,MANAKSIA,EQ,364423,201397,55.26
20,1349,MANALIPETC,EQ,3379065,1221449,36.15
20,1350,MANAPPURAM,EQ,6143234,2823095,45.95
20,1351,MANAV,SM,20000,20000,100.00
20,1352,MANGALAM,EQ,53327,41650,78.10
20,1353,MANGCHEFER,EQ,2429396,1293037,53.22
20,1354,MANGLMCEM,EQ,160554,65714,40.93
20,1355,MANINDS,EQ,1236307,517457,41.86
20,1356,MANINFRA,EQ,4470814,1793362,40.11
20,1357,MANKIND,EQ,181177,99942,55.16
20,1358,MANORAMA,EQ,8836,5397,61.08
20,1359,MANORG,EQ,18551,10366,55.88
20,1360,MANUGRAPH,EQ,296802,173478,58.45
20,1361,MANYAVAR,EQ,433823,292361,67.39
20,1362,MAPMYINDIA,EQ,178131,110341,61.94
20,1363,MARALOVER,EQ,165984,97497,58.74
20,1364,MARATHON,EQ,48304,27834,57.62
20,1365,MARCO,SM,69000,48000,69.57
20,1366,MARICO,EQ,760304,416757,54.81
20,1367,MARINE,EQ,466854,338671,72.54
20,1368,MARINETRAN,SM,40000,32000,80.00
20,1369,MARKSANS,EQ,1388284,734625,52.92
20,1370,MARSHALL,EQ,517960,286824,55.38
20,1371,MARUTI,EQ,365105,192693,52.78
20,1372,MASFIN,EQ,93443,52832,56.54
20,1373,MASPTOP50,EQ,140183,103111,73.55
20,1374,MASTEK,EQ,40869,23017,56.32
20,1375,MATRIMONY,EQ,64186,51605,80.40
20,1376,MAWANASUG,EQ,508799,236809,46.54
20,1377,MAXESTATES,EQ,99110,60236,60.78
20,1378,MAXHEALTH,EQ,1428938,933257,65.31
20,1379,MAXPOSURE,ST,260000,244000,93.85
20,1380,MAYURUNIQ,EQ,75454,34517,45.75
20,1381,MAZDA,EQ,5492,2685,48.89
20,1382,MAZDOCK,EQ,1201303,600252,49.97
20,1383,MBAPL,EQ,22121,17571,79.43
20,1384,MCDOWELL-N,EQ,993598,640723,64.49
20,1385,MCLEODRUSS,EQ,1445610,904730,62.58
20,1386,MCON,SM,5000,4000,80.00
20,1387,MCX,EQ,1416753,439457,31.02
20,1388,MDL,ST,20000,20000,100.00
20,1389,MEDANTA,EQ,568577,349713,61.51
20,1390,MEDIASSIST,EQ,1808132,981545,54.29
20,1391,MEDICAMEQ,EQ,20463,12651,61.82
20,1392,MEDICO,EQ,743041,546859,73.60
20,1393,MEDPLUS,EQ,140871,91627,65.04
20,1394,MEGAFLEX,ST,6000,6000,100.00
20,1395,MEGASTAR,EQ,29848,16829,56.38
20,1396,MEGATHERM,ST,1855200,1855200,100.00
20,1397,MENONBE,EQ,496623,240596,48.45
20,1398,MEP,EQ,885426,674395,76.17
20,1399,METROBRAND,EQ,272636,184536,67.69
20,1400,METROPOLIS,EQ,334415,116931,34.97
20,1401,MFSL,EQ,570208,217631,38.17
20,1402,MGEL,EQ,360827,269525,74.70
20,1403,MGL,EQ,304608,134443,44.14
20,1404,MHHL,SM,48000,36000,75.00
20,1405,MHRIL,EQ,1086600,506705,46.63
20,1406,MICEL,EQ,1308447,917843,70.15
20,1407,MICROPRO,SM,60800,36800,60.53
20,1408,MID150BEES,EQ,272219,183927,67.57
20,1409,MIDCAPETF,EQ,2544725,2408480,94.65
20,1410,MIDCAPIETF,EQ,70143,36909,52.62
20,1411,MIDHANI,EQ,3210971,925306,28.82
20,1412,MIDSELIETF,EQ,9226,6189,67.08
20,1413,MILTON,SM,30800,17600,57.14
20,1414,MINDACORP,EQ,533405,248734,46.63
20,1415,MINDPOOL,ST,1000,1000,100.00
20,1416,MINDSPACE,RR,113045,104822,92.73
20,1417,MINDTECK,EQ,79969,35082,43.87
20,1418,MIRCELECTR,EQ,9884761,5296857,53.59
20,1419,MITTAL,EQ,6630543,3564955,53.77
20,1420,M&M,EQ,3525423,2379202,67.49
20,1421,M&MFIN,EQ,2529158,1373679,54.31
20,1422,M&MFIN,N1,260,160,61.54
20,1423,M&MFIN,N2,5,5,100.00
20,1424,MMFL,EQ,48295,32272,66.82
20,1425,MMP,EQ,104235,61873,59.36
20,1426,MMTC,EQ,23105868,9609702,41.59
20,1427,MODISONLTD,EQ,116441,80569,69.19
20,1428,MOGSEC,EQ,3604,3056,84.79
20,1429,MOHEALTH,EQ,26350,18924,71.82
20,1430,MOHITIND,EQ,54498,48247,88.53
20,1431,MOIL,EQ,3032541,1166293,38.46
20,1432,MOKSH,EQ,2199978,1539200,69.96
20,1433,MOL,EQ,2335226,1108252,47.46
20,1434,MOLDTECH,EQ,175442,82113,46.80
20,1435,MOLDTKPAC,EQ,46743,30648,65.57
20,1436,MOLOWVOL,EQ,104782,93009,88.76
20,1437,MOM100,EQ,355168,189331,53.31
20,1438,MOM30IETF,EQ,727838,454522,62.45
20,1439,MOM50,EQ,5006,3685,73.61
20,1440,MOMENTUM,EQ,79914,35825,44.83
20,1441,MOMOMENTUM,EQ,132591,94763,71.47
20,1442,MON100,EQ,656858,429732,65.42
20,1443,MONARCH,EQ,244844,125221,51.14
20,1444,MONIFTY500,EQ,130329,94153,72.24
20,1445,MONOPHARMA,SM,28000,20000,71.43
20,1446,MONQ50,EQ,30157,17942,59.50
20,1447,MONTECARLO,EQ,26151,15776,60.33
20,1448,MOQUALITY,EQ,2844,1878,66.03
20,1449,MOREPENLAB,EQ,10105690,3769106,37.30
20,1450,MOS,SM,374400,248000,66.24
20,1451,MOTHERSON,EQ,10091989,4815815,47.72
20,1452,MOTILALOFS,EQ,128719,70277,54.60
20,1453,MOTISONS,EQ,1054535,513317,48.68
20,1454,MOVALUE,EQ,135560,103281,76.19
20,1455,MOXSH,SM,29600,26400,89.19
20,1456,MPHASIS,EQ,814978,366588,44.98
20,1457,MPSLTD,EQ,18998,10184,53.61
20,1458,MRF,EQ,19822,5573,28.12
20,1459,MRO-TEK,EQ,276698,144317,52.16
20,1460,MRPL,EQ,14970646,3571757,23.86
20,1461,MSTCLTD,EQ,917782,323468,35.24
20,1462,MSUMI,EQ,26921460,12135867,45.08
20,1463,MTARTECH,EQ,180279,94889,52.63
20,1464,MTNL,EQ,28792674,9834232,34.16
20,1465,MUFIN,EQ,218407,177838,81.43
20,1466,MUFTI,EQ,330280,121960,36.93
20,1467,MUKANDLTD,EQ,827461,404436,48.88
20,1468,MUNJALAU,EQ,319962,204347,63.87
20,1469,MUNJALSHOW,EQ,153203,77144,50.35
20,1470,MUTHOOTCAP,EQ,43054,20253,47.04
20,1471,MUTHOOTFIN,EQ,387501,246710,63.67
20,1472,MUTHOOTMF,EQ,578361,287013,49.63
20,1473,MVGJL,EQ,223632,108364,48.46
20,1474,MWL,SM,32400,24000,74.07
20,1475,NABARD,N2,315,315,100.00
20,1476,NACLIND,EQ,289433,157704,54.49
20,1477,NAGAFERT,EQ,3379684,2270022,67.17
20,1478,NAHARCAP,EQ,29045,16543,56.96
20,1479,NAHARINDUS,EQ,65752,35642,54.21
20,1480,NAHARPOLY,EQ,42540,25129,59.07
20,1481,NAHARSPING,EQ,152757,63242,41.40
20,1482,NAM-INDIA,EQ,1095582,645308,58.90
20,1483,NARMADA,EQ,248733,180952,72.75
20,1484,NATCOPHARM,EQ,368323,231273,62.79
20,1485,NATHBIOGEN,EQ,84792,51894,61.20
20,1486,NATIONALUM,EQ,59800188,18334936,30.66
20,1487,NAUKRI,EQ,405725,289610,71.38
20,1488,NAVA,EQ,1534993,713772,46.50
20,1489,NAVIFIN,N3,4,4,100.00
20,1490,NAVIFIN,N6,30,15,50.00
20,1491,NAVIFIN,N7,31,31,100.00
20,1492,NAVINFLUOR,EQ,189760,94326,49.71
20,1493,NAVINIFTY,EQ,4207,3746,89.04
20,1494,NAVKARCORP,EQ,2397559,1198166,49.97
20,1495,NAVNETEDUL,EQ,393029,168400,42.85
20,1496,NAZARA,EQ,193560,96667,49.94
20,1497,NBCC,EQ,109368172,31652740,28.94
20,1498,NBIFIN,EQ,436,328,75.23
20,1499,NCC,EQ,6150171,2538266,41.27
20,1500,NCLIND,EQ,373660,162653,43.53
20,1501,NDL,EQ,1248353,888338,71.16
20,1502,NDLVENTURE,EQ,18752,12187,64.99
20,1503,NDTV,EQ,466148,212477,45.58
20,1504,NECLIFE,EQ,1500632,782337,52.13
20,1505,NELCAST,EQ,154927,72186,46.59
20,1506,NELCO,EQ,93760,49966,53.29
20,1507,NEOGEN,EQ,19805,11248,56.79
20,1508,NESCO,EQ,78105,41276,52.85
20,1509,NESTLEIND,EQ,532977,356323,66.86
20,1510,NETF,EQ,3804,2978,78.29
20,1511,NEULANDLAB,EQ,25851,14381,55.63
20,1512,NEWJAISA,SM,108000,87000,80.56
20,1513,NEXT50,EQ,5309,1802,33.94
20,1514,NEXT50IETF,EQ,278818,171288,61.43
20,1515,NFL,EQ,9340636,3469215,37.14
20,1516,NGIL,EQ,279270,170388,61.01
20,1517,NGLFINE,EQ,2994,1642,54.84
20,1518,NH,EQ,352743,138379,39.23
20,1519,NHAI,N2,20821,19675,94.50
20,1520,NHAI,N5,57,55,96.49
20,1521,NHAI,N6,1879,1625,86.48
20,1522,NHAI,N7,1,1,100.00
20,1523,NHAI,N8,674,674,100.00
20,1524,NHAI,NA,169,169,100.00
20,1525,NHAI,NC,210,210,100.00
20,1526,NHAI,ND,71,51,71.83
20,1527,NHAI,NE,614,590,96.09
20,1528,NHBTF2014,N6,43,22,51.16
20,1529,NHBTF2023,N6,150,150,100.00
20,1530,NHIT,N1,1297,1292,99.61
20,1531,NHIT,N2,1186,1186,100.00
20,1532,NHIT,N3,60,50,83.33
20,1533,NHPC,EQ,624762919,169903119,27.19
20,1534,NHPC,N2,12,6,50.00
20,1535,NIACL,EQ,7739988,2956622,38.20
20,1536,NIDAN,SM,82000,56000,68.29
20,1537,NIDO,N6,350,350,100.00
20,1538,NIDO,N7,6,6,100.00
20,1539,NIF100BEES,EQ,12506,7959,63.64
20,1540,NIF100IETF,EQ,14185,12540,88.40
20,1541,NIF10GETF,EQ,2608,2341,89.76
20,1542,NIF5GETF,EQ,1255,1079,85.98
20,1543,NIFITETF,EQ,1940,159,8.20
20,1544,NIFMID150,EQ,1402,943,67.26
20,1545,NIFTYBEES,EQ,2862183,1517894,53.03
20,1546,NIFTYBETF,EQ,664,414,62.35
20,1547,NIFTYETF,EQ,24908,19993,80.27
20,1548,NIFTYIETF,EQ,166993,94591,56.64
20,1549,NIFTYQLITY,EQ,41656,22896,54.96
20,1550,NIITLTD,EQ,1692784,841465,49.71
20,1551,NIITMTS,EQ,100713,55626,55.23
20,1552,NILAINFRA,EQ,3691055,2489523,67.45
20,1553,NILKAMAL,EQ,4183,2305,55.10
20,1554,NINSYS,EQ,18066,10043,55.59
20,1555,NIPPOBATRY,EQ,7976,4592,57.57
20,1556,NIRAJ,EQ,334595,172805,51.65
20,1557,NIRMAN,SM,39000,28800,73.85
20,1558,NITINSPIN,EQ,169300,92811,54.82
20,1559,NITIRAJ,EQ,93093,66773,71.73
20,1560,NLCINDIA,EQ,22928093,5842369,25.48
20,1561,NMDC,EQ,31533886,11659635,36.97
20,1562,NOCIL,EQ,808576,412337,51.00
20,1563,NPBET,EQ,1817,1435,78.98
20,1564,NPST,SM,11100,10800,97.30
20,1565,NRAIL,EQ,13755,7661,55.70
20,1566,NRBBEARING,EQ,420214,148406,35.32
20,1567,NRL,EQ,94942,62459,65.79
20,1568,NSIL,EQ,4669,2432,52.09
20,1569,NSLNISP,EQ,29873151,12683456,42.46
20,1570,NTPC,EQ,19651482,11034066,56.15
20,1571,NTPC,N2,1,1,100.00
20,1572,NTPC,N6,242,240,99.17
20,1573,NTPC,N7,58510,56411,96.41
20,1574,NTPC,N9,100,100,100.00
20,1575,NURECA,EQ,31873,18932,59.40
20,1576,NUVAMA,EQ,99460,62733,63.07
20,1577,NUVOCO,EQ,360283,195959,54.39
20,1578,NV20BEES,EQ,11217,9578,85.39
20,1579,NV20IETF,EQ,65605,53235,81.14
20,1580,NXST,RR,392789,338499,86.18
20,1581,NYKAA,EQ,5575396,3151850,56.53
20,1582,OAL,EQ,13668,7528,55.08
20,1583,OBCL,EQ,422310,222939,52.79
20,1584,OBEROIRLTY,EQ,973106,634566,65.21
20,1585,OCCL,EQ,56182,38091,67.80
20,1586,OFSS,EQ,232016,87426,37.68
20,1587,OIL,EQ,6311035,2407825,38.15
20,1588,OLECTRA,EQ,3240712,612374,18.90
20,1589,OLIL,SM,9600,9600,100.00
20,1590,OMAXAUTO,EQ,33457,33457,100.00
20,1591,OMAXE,EQ,407226,226805,55.70
20,1592,OMFURN,SM,21600,21600,100.00
20,1593,ONDOOR,SM,9600,7800,81.25
20,1594,ONGC,EQ,34001868,13970548,41.09
20,1595,ONMOBILE,EQ,863854,405445,46.93
20,1596,ONWARDTEC,EQ,85560,41715,48.76
20,1597,OPTIEMUS,EQ,224582,104938,46.73
20,1598,ORBTEXP,EQ,133865,79007,59.02
20,1599,ORCHPHARMA,EQ,78107,32634,41.78
20,1600,ORIANA,SM,199500,114000,57.14
20,1601,ORICONENT,EQ,1384494,881003,63.63
20,1602,ORIENTALTL,EQ,172414,108041,62.66
20,1603,ORIENTBELL,EQ,27604,16778,60.78
20,1604,ORIENTCEM,EQ,1723253,594591,34.50
20,1605,ORIENTCER,EQ,361049,204953,56.77
20,1606,ORIENTELEC,EQ,671187,385987,57.51
20,1607,ORIENTHOT,EQ,1874532,837722,44.69
20,1608,ORIENTLTD,EQ,47903,23872,49.83
20,1609,ORIENTPPR,EQ,6885061,2505221,36.39
20,1610,ORISSAMINE,EQ,20279,7535,37.16
20,1611,ORTINLAB,EQ,26449,18682,70.63
20,1612,OSWALAGRO,EQ,429088,265534,61.88
20,1613,OSWALGREEN,EQ,1326470,914225,68.92
20,1614,OSWALSEEDS,EQ,157820,101416,64.26
20,1615,PAGEIND,EQ,28954,10479,36.19
20,1616,PAISALO,EQ,1255570,636505,50.69
20,1617,PAKKA,EQ,1091176,541745,49.65
20,1618,PALASHSECU,EQ,12085,5667,46.89
20,1619,PALREDTEC,EQ,98394,64701,65.76
20,1620,PANACEABIO,EQ,165011,88221,53.46
20,1621,PANACHE,EQ,24236,17243,71.15
20,1622,PANAMAPET,EQ,427439,235170,55.02
20,1623,PANSARI,EQ,2113,1519,71.89
20,1624,PAR,EQ,38008,26551,69.86
20,1625,PARACABLES,EQ,2959653,1993955,67.37
20,1626,PARADEEP,EQ,12099082,4416835,36.51
20,1627,PARAGMILK,EQ,571480,267488,46.81
20,1628,PARAGON,SM,50400,36000,71.43
20,1629,PARAS,EQ,450557,218261,48.44
20,1630,PARIN,SM,16000,16000,100.00
20,1631,PARTYCRUS,SM,16000,12000,75.00
20,1632,PASUPTAC,EQ,1439172,637425,44.29
20,1633,PATANJALI,EQ,543206,349438,64.33
20,1634,PATELENG,EQ,19338611,7512328,38.85
20,1635,PATINTLOG,EQ,744904,407317,54.68
20,1636,PATTECH,SM,13500,1500,11.11
20,1637,PAYTM,EQ,7385809,7374453,99.85
20,1638,PCBL,EQ,5830378,2018613,34.62
20,1639,PCHFL,N6,199,199,100.00
20,1640,PCHFL,NA,1316,1181,89.74
20,1641,PCJEWELLER,EQ,2110879,1373449,65.07
20,1642,PDMJEPAPER,EQ,1168961,756138,64.68
20,1643,PDSL,EQ,131861,94829,71.92
20,1644,PEARLPOLY,EQ,464815,278323,59.88
20,1645,PEL,EQ,731031,295589,40.43
20,1646,PEL,N0,10,10,100.00
20,1647,PENIND,EQ,822281,316377,38.48
20,1648,PENINLAND,EQ,1423232,774465,54.42
20,1649,PENTAGOLD,SZ,10800,10800,100.00
20,1650,PENTAGON,SM,98000,82000,83.67
20,1651,PERFECT,ST,30000,30000,100.00
20,1652,PERSISTENT,EQ,298375,62135,20.82
20,1653,PETRONET,EQ,12231784,6419865,52.49
20,1654,PFC,EQ,15932526,5801025,36.41
20,1655,PFC,N1,27,24,88.89
20,1656,PFC,N3,140,140,100.00
20,1657,PFC,N5,410,410,100.00
20,1658,PFIZER,EQ,41680,15093,36.21
20,1659,PFOCUS,EQ,1163823,324203,27.86
20,1660,PGEL,EQ,58733,32012,54.50
20,1661,PGHH,EQ,5148,2707,52.58
20,1662,PGHL,EQ,13463,8740,64.92
20,1663,PGIL,EQ,22904,20575,89.83
20,1664,PGINVIT,IV,1150767,967737,84.09
20,1665,PHANTOMFX,SM,105600,95100,90.06
20,1666,PHARMABEES,EQ,5338867,3493010,65.43
20,1667,PHOENIXLTD,EQ,1055383,579948,54.95
20,1668,PIDILITIND,EQ,2227669,1949212,87.50
20,1669,PIGL,EQ,199811,132094,66.11
20,1670,PIIND,EQ,408128,287504,70.44
20,1671,PILANIINVS,EQ,7216,4276,59.26
20,1672,PILITA,EQ,3661971,1893500,51.71
20,1673,PITTIENG,EQ,66036,35096,53.15
20,1674,PIXTRANS,EQ,7948,4533,57.03
20,1675,PLADAINFO,SM,9000,9000,100.00
20,1676,PLASTIBLEN,EQ,45083,21916,48.61
20,1677,PNB,EQ,92993076,23900021,25.70
20,1678,PNBGILTS,EQ,2214194,679305,30.68
20,1679,PNBHOUSING,EQ,418736,143736,34.33
20,1680,PNC,EQ,195946,146170,74.60
20,1681,PNCINFRA,EQ,547464,237690,43.42
20,1682,POCL,EQ,69174,40266,58.21
20,1683,PODDARMENT,EQ,2219,1625,73.23
20,1684,POKARNA,EQ,73802,35216,47.72
20,1685,POLICYBZR,EQ,1714997,1293866,75.44
20,1686,POLYCAB,EQ,542583,187807,34.61
20,1687,POLYMED,EQ,75194,56089,74.59
20,1688,POLYPLEX,EQ,110065,61775,56.13
20,1689,PONNIERODE,EQ,174696,74049,42.39
20,1690,POONAWALLA,EQ,1907034,1076373,56.44
20,1691,POONAWALLA,N5,10,10,100.00
20,1692,POWERGRID,EQ,27440927,14587881,53.16
20,1693,POWERINDIA,EQ,71916,32851,45.68
20,1694,POWERMECH,EQ,26720,13956,52.23
20,1695,PPAP,EQ,32157,24315,75.61
20,1696,PPL,EQ,145316,82200,56.57
20,1697,PPLPHARMA,EQ,3761905,2050206,54.50
20,1698,PRAJIND,EQ,1613404,891025,55.23
20,1699,PRAKASH,EQ,838765,559078,66.65
20,1700,PRAMARA,SM,12000,10000,83.33
20,1701,PRECAM,EQ,121369,75618,62.30
20,1702,PRECISION,SM,60000,50000,83.33
20,1703,PRECOT,EQ,21358,14428,67.55
20,1704,PRECWIRE,EQ,901410,445778,49.45
20,1705,PREMEXPLN,EQ,46650,32538,69.75
20,1706,PRESSTONIC,SM,51200,40000,78.13
20,1707,PRESTIGE,EQ,785469,357587,45.53
20,1708,PRICOLLTD,EQ,613028,281184,45.87
20,1709,PRIMESECU,EQ,83526,39770,47.61
20,1710,PRINCEPIPE,EQ,242666,115372,47.54
20,1711,PRITIKA,SM,124000,76000,61.29
20,1712,PRIVISCL,EQ,21411,10543,49.24
20,1713,PROLIFE,SM,500,500,100.00
20,1714,PROPEQUITY,SM,53400,50400,94.38
20,1715,PROV,SM,2240,1920,85.71
20,1716,PROZONER,EQ,1342465,668200,49.77
20,1717,PRSMJOHNSN,EQ,436985,276864,63.36
20,1718,PRUDENT,EQ,24281,10463,43.09
20,1719,PSB,EQ,52638420,10219361,19.41
20,1720,PSPPROJECT,EQ,74273,42021,56.58
20,1721,PSUBNKBEES,EQ,4904119,2754838,56.17
20,1722,PSUBNKIETF,EQ,626130,279572,44.65
20,1723,PTC,EQ,3405005,1458611,42.84
20,1724,PTCIL,EQ,7374,3595,48.75
20,1725,PTL,EQ,1992725,987082,49.53
20,1726,PULZ,SM,20000,18000,90.00
20,1727,PUNJABCHEM,EQ,22416,14056,62.71
20,1728,PURVA,EQ,530504,209940,39.57
20,1729,PVP,EQ,1332564,1020542,76.58
20,1730,PVRINOX,EQ,576350,331237,57.47
20,1731,PVTBANIETF,EQ,81465,71689,88.00
20,1732,PYRAMID,EQ,85991,50650,58.90
20,1733,QFIL,SM,5000,5000,100.00
20,1734,QGOLDHALF,EQ,69775,59717,85.59
20,1735,QMSMEDI,SM,533000,231000,43.34
20,1736,QNIFTY,EQ,246,175,71.14
20,1737,QUADPRO,ST,24000,24000,100.00
20,1738,QUAL30IETF,EQ,48400,46505,96.08
20,1739,QUESS,EQ,414573,209449,50.52
20,1740,QUICKHEAL,EQ,377641,101091,26.77
20,1741,QUICKTOUCH,SM,9500,8500,89.47
20,1742,RACE,EQ,10724,6815,63.55
20,1743,RADHIKAJWE,EQ,2930333,1487532,50.76
20,1744,RADIANTCMS,EQ,1606370,834272,51.94
20,1745,RADICO,EQ,786550,250384,31.83
20,1746,RADIOCITY,EQ,5534521,2204018,39.82
20,1747,RADIOCITY,P1,1089,920,84.48
20,1748,RAILTEL,EQ,4771098,1204931,25.25
20,1749,RAIN,EQ,19589513,6887282,35.16
20,1750,RAINBOW,EQ,106889,46291,43.31
20,1751,RAJESHEXPO,EQ,458071,271863,59.35
20,1752,RAJRATAN,EQ,126242,60336,47.79
20,1753,RAJSREESUG,EQ,664148,292768,44.08
20,1754,RALLIS,EQ,646631,326331,50.47
20,1755,RAMANEWS,EQ,255041,157262,61.66
20,1756,RAMAPHO,EQ,24718,14368,58.13
20,1757,RAMASTEEL,EQ,6921532,3071054,44.37
20,1758,RAMCOCEM,EQ,135632,45887,33.83
20,1759,RAMCOIND,EQ,583253,290867,49.87
20,1760,RAMCOSYS,EQ,139883,80170,57.31
20,1761,RAMKY,EQ,738893,298079,40.34
20,1762,RAMRAT,EQ,162300,87819,54.11
20,1763,RANASUG,EQ,6756134,2503442,37.05
20,1764,RANEENGINE,EQ,4680,3355,71.69
20,1765,RANEHOLDIN,EQ,9134,4844,53.03
20,1766,RATEGAIN,EQ,1071272,511428,47.74
20,1767,RATNAMANI,EQ,50876,21657,42.57
20,1768,RATNAVEER,EQ,1228651,590743,48.08
20,1769,RAYMOND,EQ,260937,131988,50.58
20,1770,RBA,EQ,2860669,1749824,61.17
20,1771,RBL,EQ,33293,12526,37.62
20,1772,RBLBANK,EQ,15808851,5252876,33.23
20,1773,RBMINFRA,ST,11000,10000,90.91
20,1774,RBZJEWEL,EQ,729694,376776,51.63
20,1775,RCDL,SM,12000,12000,100.00
20,1776,RCF,EQ,5929702,2731129,46.06
20,1777,RECLTD,EQ,10632549,3551495,33.40
20,1778,RECLTD,N2,60,60,100.00
20,1779,RECLTD,N9,1692,1692,100.00
20,1780,RECLTD,NF,655,655,100.00
20,1781,RECLTD,NH,67,67,100.00
20,1782,REDINGTON,EQ,9540244,4239874,44.44
20,1783,REDTAPE,EQ,211476,109001,51.54
20,1784,REFEX,EQ,71112,47606,66.95
20,1785,RELAXO,EQ,107224,64574,60.22
20,1786,RELIANCE,EQ,4407216,2269459,51.49
20,1787,RELIGARE,EQ,2408203,1410181,58.56
20,1788,RELINFRA,EQ,1621173,893158,55.09
20,1789,REMUS,SM,2425,1700,70.10
20,1790,RENUKA,EQ,62271904,18712463,30.05
20,1791,REPCOHOME,EQ,543459,216074,39.76
20,1792,REPL,EQ,20805,14937,71.80
20,1793,REPRO,EQ,22788,13862,60.83
20,1794,RESPONIND,EQ,558925,135798,24.30
20,1795,REXPIPES,SM,10000,10000,100.00
20,1796,RGL,EQ,154463,78620,50.90
20,1797,RHIM,EQ,221846,162069,73.05
20,1798,RHL,EQ,59065,31187,52.80
20,1799,RICHA,SM,1000,1000,100.00
20,1800,RICOAUTO,EQ,5185756,2010566,38.77
20,1801,RIIL,EQ,826874,173319,20.96
20,1802,RILINFRA,SM,21500,18400,85.58
20,1803,RISHABH,EQ,109183,61363,56.20
20,1804,RITCO,EQ,205501,78686,38.29
20,1805,RITES,EQ,15484563,2889647,18.66
20,1806,RITEZONE,SM,6400,6400,100.00
20,1807,RKEC,EQ,815906,479992,58.83
20,1808,RKFORGE,EQ,596981,276423,46.30
20,1809,RMDRIP,SM,22000,18000,81.82
20,1810,RML,EQ,10737,2994,27.88
20,1811,ROCKINGDCE,SM,29000,20000,68.97
20,1812,ROHLTD,EQ,1047232,391067,37.34
20,1813,ROLEXRINGS,EQ,88892,45151,50.79
20,1814,ROML,EQ,12411,7956,64.10
20,1815,ROSSARI,EQ,57540,28423,49.40
20,1816,ROSSELLIND,EQ,43327,21277,49.11
20,1817,ROTO,EQ,349098,184653,52.89
20,1818,ROUTE,EQ,108598,73001,67.22
20,1819,ROXHITECH,SM,144000,97600,67.78
20,1820,RPGLIFE,EQ,41404,20070,48.47
20,1821,RPPL,EQ,69438,47967,69.08
20,1822,RPSGVENT,EQ,128331,70850,55.21
20,1823,RRKABEL,EQ,113371,54311,47.91
20,1824,RSSOFTWARE,EQ,15227,15227,100.00
20,1825,RSWM,EQ,162826,86206,52.94
20,1826,RSYSTEMS,EQ,115621,81485,70.48
20,1827,RTNINDIA,EQ,10419885,3606184,34.61
20,1828,RTNPOWER,EQ,132598676,53286772,40.19
20,1829,RUBYMILLS,EQ,48188,28758,59.68
20,1830,RUCHIRA,EQ,303220,165449,54.56
20,1831,RUPA,EQ,660934,279753,42.33
20,1832,RUSHIL,EQ,256986,121965,47.46
20,1833,RUSTOMJEE,EQ,18233,10619,58.24
20,1834,RVNL,EQ,15716341,7744592,49.28
20,1835,SAAKSHI,SM,63600,40800,64.15
20,1836,SABAR,SM,20000,10000,50.00
20,1837,SADBHAV,EQ,174847,174847,100.00
20,1838,SADHNANIQ,EQ,850858,464630,54.61
20,1839,SAFARI,EQ,57578,27737,48.17
20,1840,SAGCEM,EQ,155945,68659,44.03
20,1841,SAH,EQ,94923,49118,51.75
20,1842,SAHAJ,SM,16000,16000,100.00
20,1843,SAHANA,SM,39000,30500,78.21
20,1844,SAHYADRI,EQ,13310,7787,58.50
20,1845,SAIFL,SM,84800,68000,80.19
20,1846,SAIL,EQ,130644925,44904655,34.37
20,1847,SAKAR,EQ,33383,19493,58.39
20,1848,SAKHTISUG,EQ,5371700,1890748,35.20
20,1849,SAKUMA,EQ,6970032,2911161,41.77
20,1850,SALASAR,EQ,3834036,3362948,87.71
20,1851,SALONA,EQ,11805,7649,64.79
20,1852,SALZERELEC,EQ,95189,47851,50.27
20,1853,SAMBHAAV,EQ,226732,85729,37.81
20,1854,SAMHI,EQ,4045800,1916188,47.36
20,1855,SANDESH,EQ,8207,5516,67.21
20,1856,SANDHAR,EQ,67656,42564,62.91
20,1857,SANDUMA,EQ,555035,301255,54.28
20,1858,SANGAMIND,EQ,581709,158843,27.31
20,1859,SANGANI,SM,24000,15000,62.50
20,1860,SANGHIIND,EQ,708220,506395,71.50
20,1861,SANGHVIMOV,EQ,207086,111764,53.97
20,1862,SANOFI,EQ,13537,8391,61.99
20,1863,SANSERA,EQ,123199,79770,64.75
20,1864,SAPPHIRE,EQ,114736,90887,79.21
20,1865,SARDAEN,EQ,1062009,553253,52.09
20,1866,SAREGAMA,EQ,394120,175599,44.55
20,1867,SARLAPOLY,EQ,666918,365102,54.74
20,1868,SAROJA,SM,1600,1600,100.00
20,1869,SARTELE,SM,64000,64000,100.00
20,1870,SARVESHWAR,EQ,51853123,44060865,84.97
20,1871,SASKEN,EQ,33817,16158,47.78
20,1872,SASTASUNDR,EQ,352256,157721,44.77
20,1873,SATIA,EQ,556477,310283,55.76
20,1874,SATIN,EQ,5487714,2035223,37.09
20,1875,SATINDLTD,EQ,871371,462076,53.03
20,1876,SBC,EQ,6193754,4199216,67.80
20,1877,SBCL,EQ,116057,62067,53.48
20,1878,SBFC,EQ,1411220,787442,55.80
20,1879,SBGLP,EQ,605510,67451,11.14
20,1880,SBICARD,EQ,2180351,1317841,60.44
20,1881,SBIETFCON,EQ,8144,5901,72.46
20,1882,SBIETFIT,EQ,4616,3384,73.31
20,1883,SBIETFPB,EQ,6466,3970,61.40
20,1884,SBIETFQLTY,EQ,2381,1634,68.63
20,1885,SBILIFE,EQ,1010779,693051,68.57
20,1886,SBIN,EQ,28339525,9895120,34.92
20,1887,SCHAEFFLER,EQ,95104,79927,84.04
20,1888,SCHAND,EQ,115936,65805,56.76
20,1889,SCHNEIDER,EQ,504175,271564,53.86
20,1890,SCI,EQ,40078618,7179599,17.91
20,1891,SCML,SM,44000,36000,81.82
20,1892,SCPL,EQ,20837,12344,59.24
20,1893,SDBL,EQ,637250,298583,46.85
20,1894,SDL24BEES,EQ,6392,3802,59.48
20,1895,SDL26BEES,EQ,809,499,61.68
20,1896,SECL,SM,162500,156250,96.15
20,1897,SECURCRED,EQ,170401,105798,62.09
20,1898,SEL,ST,11200,11200,100.00
20,1899,SELAN,EQ,88358,44009,49.81
20,1900,SEMAC,EQ,2693,1971,73.19
20,1901,SENCO,EQ,664069,347168,52.28
20,1902,SENSEXETF,EQ,21721,2717,12.51
20,1903,SENSEXIETF,EQ,2584,1645,63.66
20,1904,SEPC,EQ,12803811,8485342,66.27
20,1905,SEQUENT,EQ,1699677,655898,38.59
20,1906,SERVICE,SM,2000,2000,100.00
20,1907,SESHAPAPER,EQ,92430,54570,59.04
20,1908,SETF10GILT,EQ,5168,4814,93.15
20,1909,SETFGOLD,EQ,623153,473903,76.05
20,1910,SETFNIF50,EQ,519986,398989,76.73
20,1911,SETFNIFBK,EQ,24788,15853,63.95
20,1912,SETFNN50,EQ,23396,19119,81.72
20,1913,SFL,EQ,47265,27120,57.38
20,1914,SGBAPR28I,GB,110,108,98.18
20,1915,SGBAUG24,GB,149,131,87.92
20,1916,SGBAUG27,GB,156,146,93.59
20,1917,SGBAUG28V,GB,2188,1951,89.17
20,1918,SGBAUG29V,GB,242,176,72.73
20,1919,SGBAUG30,GB,116,103,88.79
20,1920,SGBD29VIII,GB,99,77,77.78
20,1921,SGBDC27VII,GB,11,11,100.00
20,1922,SGBDE30III,GB,316,233,73.73
20,1923,SGBDE31III,GB,7372,6519,88.43
20,1924,SGBDEC26,GB,2,2,100.00
20,1925,SGBFEB24,GB,115,110,95.65
20,1926,SGBFEB27,GB,6,6,100.00
20,1927,SGBFEB28IX,GB,27,27,100.00
20,1928,SGBFEB29XI,GB,30,29,96.67
20,1929,SGBJ28VIII,GB,8,8,100.00
20,1930,SGBJAN26,GB,1,1,100.00
20,1931,SGBJAN27,GB,91,91,100.00
20,1932,SGBJAN29IX,GB,462,379,82.03
20,1933,SGBJAN29X,GB,136,106,77.94
20,1934,SGBJAN30IX,GB,460,255,55.43
20,1935,SGBJU29III,GB,382,260,68.06
20,1936,SGBJUL25,GB,180,170,94.44
20,1937,SGBJUL27,GB,9,9,100.00
20,1938,SGBJUL28IV,GB,219,190,86.76
20,1939,SGBJUL29IV,GB,331,288,87.01
20,1940,SGBJUN28,GB,542,396,73.06
20,1941,SGBJUN29II,GB,203,180,88.67
20,1942,SGBJUN30,GB,272,217,79.78
20,1943,SGBJUN31I,GB,1309,1038,79.30
20,1944,SGBMAR24,GB,28,17,60.71
20,1945,SGBMAR25,GB,259,176,67.95
20,1946,SGBMAR28X,GB,38,31,81.58
20,1947,SGBMAR30X,GB,72,72,100.00
20,1948,SGBMAR31IV,GB,309,260,84.14
20,1949,SGBMAY25,GB,101,91,90.10
20,1950,SGBMAY26,GB,13,13,100.00
20,1951,SGBMAY28,GB,904,781,86.39
20,1952,SGBMAY29I,GB,679,483,71.13
20,1953,SGBMR29XII,GB,756,683,90.34
20,1954,SGBN28VIII,GB,164,109,66.46
20,1955,SGBNOV24,GB,30,21,70.00
20,1956,SGBNOV258,GB,21,20,95.24
20,1957,SGBNOV25IX,GB,10,10,100.00
20,1958,SGBNOV25VI,GB,5,5,100.00
20,1959,SGBNV29VII,GB,147,113,76.87
20,1960,SGBOC28VII,GB,418,303,72.49
20,1961,SGBOCT25IV,GB,20,20,100.00
20,1962,SGBOCT25V,GB,1,1,100.00
20,1963,SGBOCT26,GB,57,57,100.00
20,1964,SGBOCT27,GB,22,22,100.00
20,1965,SGBOCT27VI,GB,75,42,56.00
20,1966,SGBSEP24,GB,128,108,84.38
20,1967,SGBSEP27,GB,25,25,100.00
20,1968,SGBSEP28VI,GB,184,126,68.48
20,1969,SGBSEP29VI,GB,203,131,64.53
20,1970,SGBSEP31II,GB,2157,1449,67.18
20,1971,SGIL,EQ,58167,32548,55.96
20,1972,SGL,EQ,82559,46146,55.89
20,1973,SHAILY,EQ,239412,146454,61.17
20,1974,SHAKTIPUMP,EQ,108047,60547,56.04
20,1975,SHALBY,EQ,657527,209333,31.84
20,1976,SHALPAINTS,EQ,898615,429800,47.83
20,1977,SHANKARA,EQ,272647,192146,70.47
20,1978,SHANTHALA,SM,6000,6000,100.00
20,1979,SHANTI,EQ,96782,62372,64.45
20,1980,SHANTIGEAR,EQ,36537,19295,52.81
20,1981,SHARDACROP,EQ,153477,83487,54.40
20,1982,SHARDAMOTR,EQ,29273,13402,45.78
20,1983,SHAREINDIA,EQ,220729,138428,62.71
20,1984,SHAREINDIA,W1,2223,2223,100.00
20,1985,SHARIABEES,EQ,2534,1558,61.48
20,1986,SHEETAL,SM,48000,24000,50.00
20,1987,SHEMAROO,EQ,283680,147518,52.00
20,1988,SHERA,SM,38000,31000,81.58
20,1989,SHIGAN,SM,15000,13500,90.00
20,1990,SHILPAMED,EQ,886306,554644,62.58
20,1991,SHIVALIK,EQ,5129,3057,59.60
20,1992,SHIVAMAUTO,EQ,738347,517359,70.07
20,1993,SHIVAMILLS,EQ,91285,52914,57.97
20,1994,SHIVATEX,EQ,178945,115224,64.39
20,1995,SHK,EQ,364657,167462,45.92
20,1996,SHOPERSTOP,EQ,95576,61095,63.92
20,1997,SHREDIGCEM,EQ,860798,492475,57.21
20,1998,SHREECEM,EQ,71596,24530,34.26
20,1999,SHREEOSFM,SM,66000,44000,66.67
20,2000,SHREEPUSHK,EQ,113848,56468,49.60
20,2001,SHREYANIND,EQ,43503,31577,72.59
20,2002,SHREYAS,EQ,83496,64747,77.55
20,2003,SHRIPISTON,EQ,354431,204877,57.80
20,2004,SHRIRAMFIN,EQ,398680,204155,51.21
20,2005,SHRIRAMFIN,YI,524,524,100.00
20,2006,SHRIRAMFIN,YP,115,115,100.00
20,2007,SHRIRAMFIN,YW,196,171,87.24
20,2008,SHRIRAMFIN,ZB,2,2,100.00
20,2009,SHRIRAMFIN,ZF,3,3,100.00
20,2010,SHRIRAMFIN,ZK,150,150,100.00
20,2011,SHRIRAMPPS,EQ,3770753,1403828,37.23
20,2012,SHRITECH,SM,6000,6000,100.00
20,2013,SHUBHLAXMI,SM,7000,6000,85.71
20,2014,SHYAMMETL,EQ,929349,500563,53.86
20,2015,SHYAMTEL,EQ,1235,1235,100.00
20,2016,SIDDHIKA,SM,3000,3000,100.00
20,2017,SIEMENS,EQ,307429,201291,65.48
20,2018,SIGACHI,EQ,1603610,1047446,65.32
20,2019,SIGIND,EQ,108668,62264,57.30
20,2020,SIGMA,EQ,17406,9801,56.31
20,2021,SIGNATURE,EQ,465988,131912,28.31
20,2022,SILINV,EQ,4089,2866,70.09
20,2023,SILLYMONKS,EQ,234984,184366,78.46
20,2024,SILVER,EQ,89159,66776,74.90
20,2025,SILVERBEES,EQ,5917562,5298711,89.54
20,2026,SILVERETF,EQ,338355,258045,76.26
20,2027,SILVERIETF,EQ,338102,305554,90.37
20,2028,SILVERTUC,EQ,23443,4887,20.85
20,2029,SILVRETF,EQ,6556,4168,63.58
20,2030,SIMBHALS,EQ,2603283,1257996,48.32
20,2031,SINDHUTRAD,EQ,6949891,4049726,58.27
20,2032,SINTERCOM,EQ,10654,7558,70.94
20,2033,SIRCA,EQ,314335,121276,38.58
20,2034,SIS,EQ,131968,62045,47.02
20,2035,SIYSIL,EQ,53502,30504,57.01
20,2036,SJLOGISTIC,SM,111000,70000,63.06
20,2037,SJS,EQ,257003,145359,56.56
20,2038,SJVN,EQ,238154964,38604865,16.21
20,2039,SKFINDIA,EQ,14399,8160,56.67
20,2040,SKIPPER,EQ,1165758,453759,38.92
20,2041,SKMEGGPROD,EQ,222896,175325,78.66
20,2042,SKP,SM,89000,60500,67.98
20,2043,SKSTEXTILE,SZ,4000,4000,100.00
20,2044,SMARTLINK,EQ,16602,9892,59.58
20,2045,SMCGLOBAL,EQ,7353065,2452740,33.36
20,2046,SMLISUZU,EQ,77403,23936,30.92
20,2047,SMLT,EQ,96632,43383,44.90
20,2048,SMSLIFE,EQ,963,516,53.58
20,2049,SMSPHARMA,EQ,266969,142262,53.29
20,2050,SMVD,SM,4040,4040,100.00
20,2051,SNOWMAN,EQ,1711531,778477,45.48
20,2052,SOBHA,EQ,148913,61323,41.18
20,2053,SOFTTECH,EQ,5086,4062,79.87
20,2054,SOLARA,EQ,128804,64862,50.36
20,2055,SOLARINDS,EQ,89344,45136,50.52
20,2056,SOLEX,SM,30800,19200,62.34
20,2057,SOMANYCERA,EQ,58531,29594,50.56
20,2058,SONACOMS,EQ,1141079,664008,58.19
20,2059,SONAMLTD,EQ,33567,23486,69.97
20,2060,SONATSOFTW,EQ,2233078,780893,34.97
20,2061,SONUINFRA,SM,27000,27000,100.00
20,2062,SOTAC,SM,2400,2400,100.00
20,2063,SOTL,EQ,541321,264171,48.80
20,2064,SOUTHBANK,EQ,62703638,32411378,51.69
20,2065,SOUTHWEST,EQ,334575,186801,55.83
20,2066,SPAL,EQ,13618,5384,39.54
20,2067,SPANDANA,EQ,191557,111423,58.17
20,2068,SPCENET,EQ,3026472,1848113,61.06
20,2069,SPECIALITY,EQ,709205,353854,49.89
20,2070,SPECTRUM,SM,26250,18000,68.57
20,2071,SPECTSTM,SM,79200,53600,67.68
20,2072,SPENCERS,EQ,1332627,730302,54.80
20,2073,SPIC,EQ,15249268,5557640,36.45
20,2074,SPLIL,EQ,69481,42014,60.47
20,2075,SPLPETRO,EQ,234865,118631,50.51
20,2076,SPORTKING,EQ,13973,9568,68.47
20,2077,SPRL,ST,6400,4800,75.00
20,2078,SREEL,EQ,38784,14448,37.25
20,2079,SRF,EQ,429402,262864,61.22
20,2080,SRGHFL,EQ,6527,4179,64.03
20,2081,SRHHYPOLTD,EQ,51189,28967,56.59
20,2082,SRIRAM,SZ,12000,12000,100.00
20,2083,SRIVASAVI,SM,24000,22000,91.67
20,2084,SSFL,SM,25000,22000,88.00
20,2085,SSINFRA,SZ,6000,6000,100.00
20,2086,SSWL,EQ,1794146,1614211,89.97
20,2087,STAR,EQ,567933,309070,54.42
20,2088,STARCEMENT,EQ,538720,258663,48.01
20,2089,STARHEALTH,EQ,498332,389902,78.24
20,2090,STARPAPER,EQ,141228,68080,48.21
20,2091,STCINDIA,EQ,1734724,475581,27.42
20,2092,STEELCAS,EQ,29031,17133,59.02
20,2093,STEELCITY,EQ,58522,36603,62.55
20,2094,STEELXIND,EQ,34758377,9875739,28.41
20,2095,STEL,EQ,10602,7826,73.82
20,2096,STERTOOLS,EQ,86893,49258,56.69
20,2097,STLTECH,EQ,1055007,549425,52.08
20,2098,STOVEKRAFT,EQ,99553,64885,65.18
20,2099,STYLAMIND,EQ,42002,24206,57.63
20,2100,STYRENIX,EQ,80263,49062,61.13
20,2101,SUBEXLTD,EQ,45634149,17627084,38.63
20,2102,SUBROS,EQ,255083,105127,41.21
20,2103,SUDARSCHEM,EQ,473403,173538,36.66
20,2104,SUKHJITS,EQ,12342,6911,56.00
20,2105,SULA,EQ,450720,163283,36.23
20,2106,SUMICHEM,EQ,296946,182120,61.33
20,2107,SUMMITSEC,EQ,9684,6214,64.17
20,2108,SUNCLAY,EQ,12657,7531,59.50
20,2109,SUNDARMFIN,EQ,109246,48024,43.96
20,2110,SUNDARMHLD,EQ,461813,181483,39.30
20,2111,SUNDRMBRAK,EQ,964,743,77.07
20,2112,SUNDRMFAST,EQ,74293,42698,57.47
20,2113,SUNFLAG,EQ,595503,252662,42.43
20,2114,SUNPHARMA,EQ,3481964,2210113,63.47
20,2115,SUNREST,SM,22400,19200,85.71
20,2116,SUNTECK,EQ,596052,336683,56.49
20,2117,SUNTV,EQ,632818,339368,53.63
20,2118,SUPERHOUSE,EQ,16757,9596,57.27
20,2119,SUPRAJIT,EQ,151563,78798,51.99
20,2120,SUPREMEIND,EQ,86647,54081,62.42
20,2121,SUPREMEPWR,SM,342000,262000,76.61
20,2122,SUPRIYA,EQ,306674,150335,49.02
20,2123,SURAJEST,EQ,117514,67006,57.02
20,2124,SURANI,SM,39600,26000,65.66
20,2125,SURYALAXMI,EQ,78856,55354,70.20
20,2126,SURYAROSNI,EQ,312805,163015,52.11
20,2127,SURYODAY,EQ,501369,267341,53.32
20,2128,SUTLEJTEX,EQ,1055107,500667,47.45
20,2129,SUVENPHAR,EQ,179323,104371,58.20
20,2130,SUZLON,EQ,112297989,71630927,63.79
20,2131,SWANENERGY,EQ,4033116,1616954,40.09
20,2132,SWARAJ,SM,54000,49000,90.74
20,2133,SWARAJENG,EQ,7915,4282,54.10
20,2134,SWASTIK,SM,26400,18000,68.18
20,2135,SWELECTES,EQ,47180,26343,55.84
20,2136,SWSOLAR,EQ,1420369,794687,55.95
20,2137,SYMPHONY,EQ,77883,42736,54.87
20,2138,SYNGENE,EQ,695607,382926,55.05
20,2139,SYNOPTICS,SM,33000,27000,81.82
20,2140,SYRMA,EQ,388853,223836,57.56
20,2141,SYSTANGO,SM,82000,56000,68.29
20,2142,TAINWALCHM,EQ,27826,20454,73.51
20,2143,TAJGVK,EQ,3836302,880468,22.95
20,2144,TAKE,EQ,5547161,2767384,49.89
20,2145,TANLA,EQ,472170,227185,48.12
20,2146,TAPIFRUIT,SM,3750,3750,100.00
20,2147,TARACHAND,SM,33000,24000,72.73
20,2148,TARMAT,EQ,457934,250529,54.71
20,2149,TARSONS,EQ,73475,34426,46.85
20,2150,TASTYBITE,EQ,610,379,62.13
20,2151,TATACAP,N6,238,238,100.00
20,2152,TATACAP,N8,698,582,83.38
20,2153,TATACAPHSG,N6,1546,1430,92.50
20,2154,TATACAPHSG,N8,200,200,100.00
20,2155,TATACAPHSG,NA,95,95,100.00
20,2156,TATACAPHSG,NB,76,75,98.68
20,2157,TATACHEM,EQ,2154399,832342,38.63
20,2158,TATACOMM,EQ,410131,238024,58.04
20,2159,TATACONSUM,EQ,1266268,477824,37.73
20,2160,TATAELXSI,EQ,82526,44930,54.44
20,2161,TATAGOLD,EQ,3527274,2731084,77.43
20,2162,TATAINVEST,EQ,107074,33876,31.64
20,2163,TATAMETALI,EQ,257937,111625,43.28
20,2164,TATAMOTORS,EQ,38686871,10389215,26.85
20,2165,TATAMTRDVR,EQ,6541778,3036447,46.42
20,2166,TATAPOWER,EQ,22188678,7838676,35.33
20,2167,TATASTEEL,EQ,80737626,35153051,43.54
20,2168,TATATECH,EQ,845963,506031,59.82
20,2169,TATSILV,EQ,544912,467498,85.79
20,2170,TATVA,EQ,28764,18210,63.31
20,2171,TBZ,EQ,349059,177340,50.81
20,2172,TCI,EQ,287855,93047,32.32
20,2173,TCIEXP,EQ,26872,16183,60.22
20,2174,TCNSBRANDS,EQ,315247,149621,47.46
20,2175,TCPLPACK,EQ,5581,3054,54.72
20,2176,TCS,EQ,1691523,1015070,60.01
20,2177,TDPOWERSYS,EQ,919769,415971,45.23
20,2178,TEAMLEASE,EQ,9471,3661,38.65
20,2179,TECH,EQ,35685,19445,54.49
20,2180,TECHLABS,SM,196000,144000,73.47
20,2181,TECHM,EQ,953919,400418,41.98
20,2182,TECHNOE,EQ,114027,50719,44.48
20,2183,TEGA,EQ,84770,39009,46.02
20,2184,TEJASNET,EQ,316779,182106,57.49
20,2185,TEMBO,EQ,53341,14129,26.49
20,2186,TEXINFRA,EQ,2231682,885133,39.66
20,2187,TEXMOPIPES,EQ,281156,162800,57.90
20,2188,TEXRAIL,EQ,5007141,3215309,64.21
20,2189,TFCILTD,EQ,17501890,7293119,41.67
20,2190,THANGAMAYL,EQ,38535,23070,59.87
20,2191,THEJO,EQ,4836,3296,68.16
20,2192,THEMISMED,EQ,356188,208706,58.59
20,2193,THERMAX,EQ,33131,11625,35.09
20,2194,THOMASCOOK,EQ,1386056,921100,66.45
20,2195,THYROCARE,EQ,90651,41707,46.01
20,2196,TI,EQ,2402792,936652,38.98
20,2197,TIDEWATER,EQ,160259,72799,45.43
20,2198,TIIL,EQ,10946,5848,53.43
20,2199,TIINDIA,EQ,338895,255927,75.52
20,2200,TIJARIA,EQ,89363,79807,89.31
20,2201,TIMESCAN,SM,5000,3000,60.00
20,2202,TIMETECHNO,EQ,1324405,624991,47.19
20,2203,TIMKEN,EQ,69348,60612,87.40
20,2204,TIPSINDLTD,EQ,516826,239526,46.35
20,2205,TIRUMALCHM,EQ,304374,164381,54.01
20,2206,TITAGARH,EQ,1490483,641134,43.02
20,2207,TITAN,EQ,1771614,1230648,69.46
20,2208,TMB,EQ,84816,43633,51.44
20,2209,TNIDETF,EQ,80561,66120,82.07
20,2210,TNPETRO,EQ,3372567,1222469,36.25
20,2211,TNPL,EQ,1383168,780254,56.41
20,2212,TOKYOPLAST,EQ,86085,55298,64.24
20,2213,TORNTPHARM,EQ,588737,105554,17.93
20,2214,TORNTPOWER,EQ,914432,299789,32.78
20,2215,TOTAL,EQ,19089,12761,66.85
20,2216,TOUCHWOOD,EQ,11463,11291,98.50
20,2217,TPLPLASTEH,EQ,2372066,916009,38.62
20,2218,TRACXN,EQ,2368019,1265497,53.44
20,2219,TRANSTEEL,SM,222000,180000,81.08
20,2220,TRANSWIND,ST,20000,20000,100.00
20,2221,TREEHOUSE,EQ,98622,81356,82.49
20,2222,TREL,EQ,2104035,855253,40.65
20,2223,TRENT,EQ,808544,398417,49.28
20,2224,TRF,EQ,91281,47805,52.37
20,2225,TRIDENT,EQ,22571261,8833570,39.14
20,2226,TRIDHYA,SM,45000,39000,86.67
20,2227,TRIGYN,EQ,224809,84167,37.44
20,2228,TRITURBINE,EQ,849558,491830,57.89
20,2229,TRIVENI,EQ,2084611,845888,40.58
20,2230,TRU,EQ,1444919,560199,38.77
20,2231,TTKHLTCARE,EQ,21591,11733,54.34
20,2232,TTKPRESTIG,EQ,75333,51360,68.18
20,2233,TTL,EQ,31284,21751,69.53
20,2234,TTML,EQ,18933299,4893093,25.84
20,2235,TVSELECT,EQ,47052,23391,49.71
20,2236,TVSHLTD,EQ,27558,11609,42.13
20,2237,TVSHLTD,P1,463327,462223,99.76
20,2238,TVSMOTOR,EQ,829877,392836,47.34
20,2239,TVSSCS,EQ,457794,271134,59.23
20,2240,TVSSRICHAK,EQ,4477,2868,64.06
20,2241,TVTODAY,EQ,130132,60238,46.29
20,2242,TVVISION,EQ,13703,13703,100.00
20,2243,UBL,EQ,292810,91533,31.26
20,2244,UCAL,EQ,39728,27646,69.59
20,2245,UCL,SM,4000,4000,100.00
20,2246,UCOBANK,EQ,206465797,42064783,20.37
20,2247,UDS,EQ,546088,315001,57.68
20,2248,UFLEX,EQ,64487,34616,53.68
20,2249,UFO,EQ,767686,353278,46.02
20,2250,UGARSUGAR,EQ,1560700,760130,48.70
20,2251,UGROCAP,EQ,1436843,797781,55.52
20,2252,UGROCAP,N4,5,5,100.00
20,2253,UGROCAP,N5,31,30,96.77
20,2254,UGROCAP,N7,210,200,95.24
20,2255,UJJIVAN,EQ,666890,261153,39.16
20,2256,UJJIVANSFB,EQ,34007991,14339714,42.17
20,2257,ULTRACEMCO,EQ,162473,91641,56.40
20,2258,UMA,SM,36000,24000,66.67
20,2259,UMAEXPORTS,EQ,756308,451220,59.66
20,2260,UMANGDAIRY,EQ,56162,37367,66.53
20,2261,UNICHEMLAB,EQ,1536381,278066,18.10
20,2262,UNIDT,EQ,97794,47488,48.56
20,2263,UNIENTER,EQ,27769,16397,59.05
20,2264,UNIHEALTH,SM,12000,11000,91.67
20,2265,UNIINFO,EQ,44601,30806,69.07
20,2266,UNIONBANK,EQ,35858580,12761661,35.59
20,2267,UNIPARTS,EQ,78442,45464,57.96
20,2268,UNITEDPOLY,EQ,20924,14737,70.43
20,2269,UNITEDTEA,EQ,2547,1870,73.42
20,2270,UNIVASTU,EQ,158841,133142,83.82
20,2271,UNIVCABLES,EQ,58873,40771,69.25
20,2272,UNIVPHOTO,EQ,2325,1731,74.45
20,2273,UNOMINDA,EQ,608029,482870,79.42
20,2274,UPL,EQ,23096694,8551863,37.03
20,2275,URAVI,EQ,23087,15966,69.16
20,2276,URBAN,SM,14400,8400,58.33
20,2277,USASEEDS,SM,4500,3900,86.67
20,2278,USHAMART,EQ,608874,316267,51.94
20,2279,USK,EQ,571976,302674,52.92
20,2280,UTIAMC,EQ,137924,61108,44.31
20,2281,UTIBANKETF,EQ,75208,53933,71.71
20,2282,UTINEXT50,EQ,25484,16650,65.34
20,2283,UTINIFTETF,EQ,23824,18422,77.33
20,2284,UTISENSETF,EQ,1203,1091,90.69
20,2285,UTISXN50,EQ,6011,3895,64.80
20,2286,UTKARSHBNK,EQ,10450414,4332149,41.45
20,2287,UTTAMSUGAR,EQ,591454,222445,37.61
20,2288,V2RETAIL,EQ,139978,111900,79.94
20,2289,VADILALIND,EQ,31824,13411,42.14
20,2290,VAIBHAVGBL,EQ,737885,316857,42.94
20,2291,VAISHALI,EQ,66171,43856,66.28
20,2292,VAKRANGEE,EQ,25682001,13081760,50.94
20,2293,VALIANTLAB,EQ,100669,51259,50.92
20,2294,VALIANTORG,EQ,66949,37329,55.76
20,2295,VARDHACRLC,EQ,131839,82871,62.86
20,2296,VARROC,EQ,810015,354588,43.78
20,2297,VASCONEQ,EQ,2719583,1115841,41.03
20,2298,VASWANI,EQ,269428,167828,62.29
20,2299,VBL,EQ,4202812,1847598,43.96
20,2300,VEDL,EQ,10619393,4759438,44.82
20,2301,VEEKAYEM,ST,22000,22000,100.00
20,2302,VELS,SM,1200,1200,100.00
20,2303,VENKEYS,EQ,33811,19186,56.74
20,2304,VENUSPIPES,EQ,109769,58829,53.59
20,2305,VENUSREM,EQ,44532,20503,46.04
20,2306,VERANDA,EQ,180721,105414,58.33
20,2307,VERTEXPLUS,SM,600,600,100.00
20,2308,VESUVIUS,EQ,12817,7273,56.74
20,2309,VETO,EQ,183701,102180,55.62
20,2310,VGUARD,EQ,860036,467121,54.31
20,2311,VHL,EQ,4817,3527,73.22
20,2312,VIAZ,SM,2000,2000,100.00
20,2313,VIDHIING,EQ,12163,7912,65.05
20,2314,VIJAYA,EQ,353468,100598,28.46
20,2315,VIKASECO,EQ,42874483,17627009,41.11
20,2316,VILINBIO,SM,76000,60000,78.95
20,2317,VIMTALABS,EQ,273774,69568,25.41
20,2318,VINATIORGA,EQ,55303,35583,64.34
20,2319,VINDHYATEL,EQ,35075,20780,59.24
20,2320,VINSYS,SM,25500,17500,68.63
20,2321,VINYAS,SM,12800,11200,87.50
20,2322,VINYLINDIA,EQ,46056,23242,50.46
20,2323,VIPCLOTHNG,EQ,2938999,1419956,48.31
20,2324,VIPIND,EQ,1395151,838432,60.10
20,2325,VIPULLTD,EQ,118606,71949,60.66
20,2326,VIRINCHI,EQ,903896,534889,59.18
20,2327,VISAKAIND,EQ,1234050,912758,73.96
20,2328,VISHNU,EQ,99315,68638,69.11
20,2329,VISHNUINFR,SM,106000,68000,64.15
20,2330,VISHWARAJ,EQ,7537440,3206696,42.54
20,2331,VITAL,SM,33600,27600,82.14
20,2332,VIVIANA,ST,15000,15000,100.00
20,2333,VLSFINANCE,EQ,97942,63753,65.09
20,2334,VMARCIND,SM,69000,50000,72.46
20,2335,VMART,EQ,15912,5936,37.31
20,2336,VOLTAMP,EQ,47548,37921,79.75
20,2337,VOLTAS,EQ,1750764,743261,42.45
20,2338,VPRPL,EQ,716434,383592,53.54
20,2339,VRLLOG,EQ,207666,40561,19.53
20,2340,VSCL,SM,12000,12000,100.00
20,2341,VSSL,EQ,104430,58719,56.23
20,2342,VSTIND,EQ,7086,3660,51.65
20,2343,VSTTILLERS,EQ,19378,10871,56.10
20,2344,VTL,EQ,920368,409890,44.54
20,2345,WABAG,EQ,1733078,619090,35.72
20,2346,WALCHANNAG,EQ,472456,315275,66.73
20,2347,WALPAR,ST,8000,6000,75.00
20,2348,WEALTH,EQ,7428,6111,82.27
20,2349,WEBELSOLAR,EQ,325974,295835,90.75
20,2350,WEIZMANIND,EQ,14709,10533,71.61
20,2351,WEL,EQ,3378,2279,67.47
20,2352,WELCORP,EQ,922243,567052,61.49
20,2353,WELENT,EQ,373951,208071,55.64
20,2354,WELINV,EQ,1102,763,69.24
20,2355,WELSPUNLIV,EQ,2096442,922525,44.00
20,2356,WENDT,EQ,238,136,57.14
20,2357,WESTLIFE,EQ,46291,20937,45.23
20,2358,WHEELS,EQ,107860,54492,50.52
20,2359,WHIRLPOOL,EQ,71646,36473,50.91
20,2360,WINDLAS,EQ,58400,29109,49.84
20,2361,WINDMACHIN,EQ,136132,72881,53.54
20,2362,WIPRO,EQ,5783302,2214280,38.29
20,2363,WOCKPHARMA,EQ,623599,224820,36.05
20,2364,WOMANCART,SM,16000,12800,80.00
20,2365,WONDERLA,EQ,32271,19173,59.41
20,2366,WORTH,EQ,39466,22235,56.34
20,2367,WSI,EQ,217705,129705,59.58
20,2368,WSTCSTPAPR,EQ,487043,252897,51.92
20,2369,XCHANGING,EQ,1641707,667568,40.66
20,2370,XPROINDIA,EQ,44581,17689,39.68
20,2371,YASHO,EQ,11155,8011,71.82
20,2372,YATHARTH,EQ,484741,242683,50.06
20,2373,YATRA,EQ,597425,245952,41.17
20,2374,YCCL,SM,153000,123000,80.39
20,2375,YESBANK,EQ,225297171,87063709,38.64
20,2376,YUDIZ,SM,33600,27200,80.95
20,2377,YUKEN,EQ,4995,3351,67.09
20,2378,ZAGGLE,EQ,1172684,501378,42.75
20,2379,ZEAL,SM,11400,10200,89.47
20,2380,ZEEL,EQ,26473589,12654439,47.80
20,2381,ZEEMEDIA,EQ,14538520,4489947,30.88
20,2382,ZENITHEXPO,EQ,1558,832,53.40
20,2383,ZENSARTECH,EQ,584942,316821,54.16
20,2384,ZFCVINDIA,EQ,37533,32347,86.18
20,2385,ZIMLAB,EQ,236330,134623,56.96
20,2386,ZODIACLOTH,EQ,83041,56403,67.92
20,2387,ZOMATO,EQ,54189688,28684817,52.93
20,2388,ZOTA,EQ,16877,10209,60.49
20,2389,ZUARI,EQ,607227,303224,49.94
20,2390,ZUARIIND,EQ,87479,51878,59.30
20,2391,ZYDUSLIFE,EQ,1160781,257848,22.21
20,2392,ZYDUSWELL,EQ,16735,9659,57.72
