Security Wise Delivery Position - Compulsory Rolling Settlement
10,MTO,03022025,1209807881,0002637
Trade Date <03-FEB-2025>,Settlement Type <N>
Record Type,Sr No,Name of Security,Quantity Traded,Deliverable Quantity(gross across client level),% of Deliverable Quantity to Traded Quantity
20,1,0MOFSL27,N3,25,25,100.00
20,2,1003IIFL29,NC,32,32,100.00
20,3,1003ISFL28,N4,185,185,100.00
20,4,1015ECL29,NR,115,115,100.00
20,5,1015UCL26,N1,41,41,100.00
20,6,1018GS2026,GS,1953,1953,100.00
20,7,1025NFL25,N5,100,100,100.00
20,8,1025SCL34,Z8,10,10,100.00
20,9,1025SCL34B,N1,31,31,100.00
20,10,1035UCL26,NA,10,5,50.00
20,11,1049DLS25A,Y5,10,10,100.00
20,12,1050ISFL28,N5,58,50,86.21
20,13,1050NFL26,N7,250,250,100.00
20,14,1050UCL25,N7,69,69,100.00
20,15,105IIFL29,N7,1,1,100.00
20,16,1060ECL29,NS,20,20,100.00
20,17,1065NFL27,NC,317,317,100.00
20,18,10CAGL27,N5,44,44,100.00
20,19,10IIFL28A,NE,64,64,100.00
20,20,10IIFL29,N6,30,30,100.00
20,21,10ISFL26,N3,475,475,100.00
20,22,10NFL25,N9,30,30,100.00
20,23,10NIDO26,N6,314,314,100.00
20,24,12VCCL27,N0,1,1,100.00
20,25,182D060225,TB,30100,30100,100.00
20,26,182D100425,TB,100,100,100.00
20,27,182D100725,TB,300,100,33.33
20,28,182D170725,TB,100,100,100.00
20,29,182D190625,TB,100,100,100.00
20,30,182D240425,TB,200,200,100.00
20,31,182D240725,TB,100,100,100.00
20,32,182D270625,TB,4800,4000,83.33
20,33,20MICRONS,EQ,86582,49044,56.64
20,34,360ONE,EQ,378144,190064,50.26
20,35,364D030425,TB,2200,2200,100.00
20,36,364D030725,TB,100,100,100.00
20,37,364D040925,TB,3300,3300,100.00
20,38,364D050625,TB,100,100,100.00
20,39,364D060225,TB,600,300,50.00
20,40,364D110925,TB,19200,19100,99.48
20,41,364D111225,TB,100,100,100.00
20,42,364D130225,TB,2000,2000,100.00
20,43,364D131125,TB,100,100,100.00
20,44,364D150126,TB,100,100,100.00
20,45,364D150525,TB,100,100,100.00
20,46,364D200225,TB,1000,1000,100.00
20,47,364D231025,TB,100,100,100.00
20,48,364D270225,TB,400,400,100.00
20,49,364D270325,TB,3000,3000,100.00
20,50,364D280825,TB,100,100,100.00
20,51,3IINFOLTD,EQ,484521,192512,39.73
20,52,3MINDIA,EQ,4451,2750,61.78
20,53,574GS2026,GS,1,1,100.00
20,54,5PAISA,EQ,19221,7765,40.40
20,55,610GS2031,GS,2,1,50.00
20,56,63MOONS,EQ,122187,70371,57.59
20,57,654GS2032,GS,12742,12302,96.55
20,58,664GS2027,GS,100,100,100.00
20,59,667GS2035,GS,51,40,78.43
20,60,667GS2050,GS,1,1,100.00
20,61,675GS2029,GS,200,200,100.00
20,62,676GS2061,GS,91,91,100.00
20,63,679GS2034,GS,200,200,100.00
20,64,68GS2060,GS,3,3,100.00
20,65,695GS2061,GS,724,724,100.00
20,66,699GS2051,GS,3,3,100.00
20,67,702GS2027,GS,251,250,99.60
20,68,702GS2031,GS,99,99,100.00
20,69,704GS2029,GS,1693,1693,100.00
20,70,706GS2028,GS,500,500,100.00
20,71,709GS2054,GS,4160,4160,100.00
20,72,709GS2074,GS,200,200,100.00
20,73,710GS2029,GS,37400,37400,100.00
20,74,717GS2030,GS,800,601,75.13
20,75,718GS2037,GS,54699,54199,99.09
20,76,719HUDCO28,N7,500,500,100.00
20,77,725GS2063,GS,13274,12275,92.47
20,78,729IRFC26,NN,60,60,100.00
20,79,729NHAI26,NC,6,6,100.00
20,80,732GS2030,GS,25,25,100.00
20,81,733GS2026,GS,2052,2052,100.00
20,82,734GS2064,GS,3844,3844,100.00
20,83,736GS2052,GS,401,401,100.00
20,84,736NTPC25D,NB,1,1,100.00
20,85,737GS2028,GS,100,100,100.00
20,86,738GS2027,GS,75325,64447,85.56
20,87,739ML26,SG,100,100,100.00
20,88,73GS2053,GS,11101,11101,100.00
20,89,741GS2036,GS,27573,26573,96.37
20,90,743REC35,NH,91,91,100.00
20,91,744AP33,SG,1000,1000,100.00
20,92,746GS2073,GS,315,300,95.24
20,93,74GS2062,GS,524,459,87.60
20,94,750IRFC35,NK,6,6,100.00
20,95,751HUDCO28,N5,538,538,100.00
20,96,753IRFC30,NJ,1,1,100.00
20,97,754GS2036,GS,399792,381709,95.48
20,98,762NTPC35F,ND,8,8,100.00
20,99,764HUDCO31,N8,1,1,100.00
20,100,764NABAR31,N2,262,254,96.95
20,101,769HUDCO31,N9,1059,1059,100.00
20,102,769NHAI31,NE,1,1,100.00
20,103,76NHAI31,NA,1830,1830,100.00
20,104,772GS2049,GS,1601,1101,68.77
20,105,774IREDA31,N7,400,400,100.00
20,106,797IGT31,NL,5,5,100.00
20,107,79NHIT35,N1,1422,545,38.33
20,108,79NHIT40,N2,121,121,100.00
20,109,79NHIT47,N3,101,101,100.00
20,110,805ABFL28,N2,47,27,57.45
20,111,810IRFC27,N2,555,550,99.10
20,112,812REC27,NI,500,500,100.00
20,113,81ABFL33,N5,5,5,100.00
20,114,81TCHF28,N8,218,208,95.41
20,115,820IIFL27,N9,183,183,100.00
20,116,824GS2027,GS,501,501,100.00
20,117,82HUDCO27,N2,2405,1786,74.26
20,118,82IGT31,NJ,191,150,78.53
20,119,830NHAI27,N2,2950,2950,100.00
20,120,830PFCL27,N5,25,25,100.00
20,121,833GS2026,GS,1345,1345,100.00
20,122,840CIFCL28,N4,10,5,50.00
20,123,840IRFC29,N8,300,300,100.00
20,124,842IIFL26,NL,173,173,100.00
20,125,843IHFL29,NC,139,139,100.00
20,126,849NTPC25,N7,57902,55828,96.42
20,127,84TCHF28,NA,433,433,100.00
20,128,85IFL26,NX,5,5,100.00
20,129,865IFL28,NZ,536,435,81.16
20,130,865IHFL27,N1,60,60,100.00
20,131,865IIFL28,NS,25,25,100.00
20,132,865IRFC29,NA,1,1,100.00
20,133,865LTF26,NN,597,597,100.00
20,134,865TCAPS27,N8,10,9,90.00
20,135,871REC28,N9,1252,832,66.45
20,136,875IIFL26,NM,50,50,100.00
20,137,875NHAI29,N6,91,51,56.04
20,138,875SFL27,ZF,357,357,100.00
20,139,876HUDCO28,ND,225,185,82.22
20,140,879NHPC28,N5,525,525,100.00
20,141,885MOFSL26,N0,155,155,100.00
20,142,888REC29,NF,165,165,100.00
20,143,888SCL25E,N4,75,75,100.00
20,144,889SCFL27,YC,10,10,100.00
20,145,890SFIL23A,NZ,37,37,100.00
20,146,891IIFCL34,N4,360,360,100.00
20,147,891NTPC33,N6,77,77,100.00
20,148,892PFCL33,N8,23,23,100.00
20,149,893NHB29,N6,205,155,75.61
20,150,894SCL25,Z3,10,10,100.00
20,151,897MOFSL29,N4,100,100,100.00
20,152,898LTF29,N7,358,287,80.17
20,153,901HUDCO34,NE,155,145,93.55
20,154,901NHB34,N6,120,99,82.50
20,155,905LTF27,NF,95,95,100.00
20,156,905SC24B,Z9,15,15,100.00
20,157,910TCAP28,NA,400,300,75.00
20,158,915SCL26,NE,524,524,100.00
20,159,916SCL25,ZW,43,43,100.00
20,160,91D030425,TB,100,100,100.00
20,161,91D060325,TB,12000,11700,97.50
20,162,91D200325,TB,500,500,100.00
20,163,91D240425,TB,300,100,33.33
20,164,91D280325,TB,200,200,100.00
20,165,925AEL26,N1,98,49,50.00
20,166,925ERFL28,N6,80,80,100.00
20,167,925IHFL25D,N6,20,20,100.00
20,168,925SCL27,YR,350,350,100.00
20,169,92GS2030,GS,473,451,95.35
20,170,92SFIL28,ND,11,11,100.00
20,171,930SFL28,YP,33,30,90.91
20,172,931SFL26,Z5,34,34,100.00
20,173,935TSI30,N0,5,5,100.00
20,174,935TSI34,N0,3,3,100.00
20,175,935TSIIC33,N0,3,3,100.00
20,176,93MOFSL34,N6,32,16,50.00
20,177,943ECL28,NJ,633,524,82.78
20,178,94SFL28,YL,189,189,100.00
20,179,956AEL29,N6,140,140,100.00
20,180,957ICCL25,YW,48,35,72.92
20,181,957ISFL26,N2,30,30,100.00
20,182,957NIDO26,N5,30,30,100.00
20,183,960IIFLS26,N9,500,300,60.00
20,184,960ISFL25,N1,40,40,100.00
20,185,965AEL27,N4,1,1,100.00
20,186,965SCL25,AG,20,20,100.00
20,187,965SCL25C,N0,2,2,100.00
20,188,965SCL26,YO,10,10,100.00
20,189,965SCL26F,N1,6,6,100.00
20,190,96IIFL28,N5,1745,1245,71.35
20,191,96IIFL28A,NF,1107,1107,100.00
20,192,970CAGL28,ND,136,96,70.59
20,193,975SCL29,N0,1,1,100.00
20,194,97MOFSL34,N7,95,95,100.00
20,195,97SFL28,YS,40,35,87.50
20,196,97SFL29,YZ,51,50,98.04
20,197,985ECL28,NK,975,965,98.97
20,198,985IIFL22,NC,277,277,100.00
20,199,98SFIL26,NU,1,1,100.00
20,200,99AEL29,N7,80,80,100.00
20,201,9ICCL23A,N0,305,215,70.49
20,202,9IIFL28,Y0,137,137,100.00
20,203,9IIFL28A,NT,103,103,100.00
20,204,9MMFSML,N2,455,255,56.04
20,205,9SCL26BA,NA,312,312,100.00
20,206,AAATECH,EQ,11054,6533,59.10
20,207,AADHARHFC,EQ,219384,69545,31.70
20,208,AAKASH,EQ,169237,134082,79.23
20,209,AAREYDRUGS,EQ,4037,2322,57.52
20,210,AARON,EQ,5379,1686,31.34
20,211,AARTIDRUGS,EQ,191748,77062,40.19
20,212,AARTIIND,EQ,6114774,1208774,19.77
20,213,AARTIPHARM,EQ,477162,266913,55.94
20,214,AARTISURF,EQ,9059,5693,62.84
20,215,AARVI,EQ,7135,4462,62.54
20,216,AATMAJ,SM,6000,6000,100.00
20,217,AAVAS,EQ,275112,158933,57.77
20,218,ABAN,EQ,87075,54492,62.58
20,219,ABB,EQ,1444875,747332,51.72
20,220,ABBOTINDIA,EQ,8122,2953,36.36
20,221,ABCAPITAL,EQ,7683639,1404661,18.28
20,222,ABCOTS,ST,11500,8500,73.91
20,223,ABDL,EQ,527420,234150,44.40
20,224,ABFRL,EQ,3010930,681152,22.62
20,225,ABGSEC,EQ,1069,499,46.68
20,226,ABHAPOWER,ST,17600,16000,90.91
20,227,ABINFRA,EQ,112912,12311,10.90
20,228,ABREL,EQ,142926,46050,32.22
20,229,ABSLAMC,EQ,312662,140699,45.00
20,230,ABSLBANETF,EQ,212297,192787,90.81
20,231,ABSLLIQUID,EQ,955,676,70.79
20,232,ABSLNN50ET,EQ,22526,15197,67.46
20,233,ABSLPSE,EQ,1344988,994527,73.94
20,234,ABSMARINE,ST,18000,15000,83.33
20,235,ACC,EQ,220895,64325,29.12
20,236,ACCELYA,EQ,19567,12275,62.73
20,237,ACCENTMIC,SM,14000,7000,50.00
20,238,ACCURACY,EQ,239836,203689,84.93
20,239,ACE,EQ,95283,33745,35.42
20,240,ACEINTEG,EQ,6355,4635,72.93
20,241,ACI,EQ,488166,183226,37.53
20,242,ACL,EQ,56295,38190,67.84
20,243,ACLGATI,EQ,210256,110602,52.60
20,244,ACMESOLAR,EQ,841562,335072,39.82
20,245,ADANIENSOL,EQ,861101,214571,24.92
20,246,ADANIENT,EQ,824942,177092,21.47
20,247,ADANIGREEN,EQ,1672435,446954,26.72
20,248,ADANIPORTS,EQ,3961203,1628782,41.12
20,249,ADANIPOWER,EQ,2953544,777526,26.33
20,250,ADFFOODS,EQ,94485,38114,40.34
20,251,ADL,EQ,3613,910,25.19
20,252,ADORWELD,EQ,17236,12774,74.11
20,253,ADSL,EQ,5288169,861485,16.29
20,254,ADVANIHOTR,EQ,58849,22196,37.72
20,255,ADVENZYMES,EQ,171382,94559,55.17
20,256,AEGISLOG,EQ,692226,84923,12.27
20,257,AEROFLEX,EQ,1359083,488602,35.95
20,258,AERON,SM,20000,16000,80.00
20,259,AESTHETIK,SM,28000,26000,92.86
20,260,AETHER,EQ,28552,12756,44.68
20,261,AFCONS,EQ,2127928,1146723,53.89
20,262,AFFLE,EQ,153562,73276,47.72
20,263,AFFORDABLE,EQ,12564,7349,58.49
20,264,AFIL,EQ,157933,94294,59.71
20,265,AGARIND,EQ,24112,14473,60.02
20,266,AGARWALFT,SM,9000,6000,66.67
20,267,AGARWALTUF,SM,31200,15600,50.00
20,268,AGI,EQ,192947,102678,53.22
20,269,AGIIL,EQ,7846,4519,57.60
20,270,AGNI,SM,2500,2500,100.00
20,271,AGRITECH,EQ,22204,11293,50.86
20,272,AGROPHOS,EQ,110395,47237,42.79
20,273,AHIMSA,ST,3000,3000,100.00
20,274,AHLADA,EQ,18624,13457,72.26
20,275,AHLEAST,EQ,33733,26734,79.25
20,276,AHLUCONT,EQ,83810,26488,31.60
20,277,AIAENG,EQ,13093,8018,61.24
20,278,AIIL,EQ,40713,23844,58.57
20,279,AILIMITED,ST,3000,3000,100.00
20,280,AIMTRON,SM,32000,26800,83.75
20,281,AIRAN,EQ,86956,36453,41.92
20,282,AIROLAM,EQ,17470,8382,47.98
20,283,AIRTELPP,E1,1195543,1129577,94.48
20,284,AISL,SM,3000,3000,100.00
20,285,AJANTPHARM,EQ,408790,76630,18.75
20,286,AJMERA,EQ,43504,20118,46.24
20,287,AJOONI,EQ,556406,400725,72.02
20,288,AKANKSHA,ST,11000,10000,90.91
20,289,AKASH,EQ,6015,3018,50.17
20,290,AKG,EQ,27168,16039,59.04
20,291,AKIKO,SM,28800,20800,72.22
20,292,AKSHARCHEM,EQ,12156,7831,64.42
20,293,AKUMS,EQ,62761,27702,44.14
20,294,AKZOINDIA,EQ,9138,5500,60.19
20,295,ALANKIT,EQ,291717,141649,48.56
20,296,ALBERTDAVD,EQ,3954,2497,63.15
20,297,ALEMBICLTD,EQ,384131,156794,40.82
20,298,ALICON,EQ,4905,2026,41.30
20,299,ALIVUS,EQ,266553,221902,83.25
20,300,ALKALI,EQ,3202,1244,38.85
20,301,ALKEM,EQ,97298,33803,34.74
20,302,ALKYLAMINE,EQ,67537,21285,31.52
20,303,ALLCARGO,EQ,1379581,777317,56.34
20,304,ALLDIGI,EQ,13475,6679,49.57
20,305,ALLETEC,ST,24400,20400,83.61
20,306,ALOKINDS,EQ,4092463,1564969,38.24
20,307,ALPA,EQ,22853,11091,48.53
20,308,ALPEXSOLAR,SM,46400,31600,68.10
20,309,ALPHA,EQ,2544651,1911190,75.11
20,310,ALPHAETF,EQ,908447,825593,90.88
20,311,ALPHAGEO,EQ,5487,2696,49.13
20,312,ALPL30IETF,EQ,2325460,2246099,96.59
20,313,ALUWIND,SM,28500,24000,84.21
20,314,AMBANIORGO,ST,1000,1000,100.00
20,315,AMBER,EQ,796800,98958,12.42
20,316,AMBEY,SM,2000,2000,100.00
20,317,AMBICAAGAR,EQ,21907,10967,50.06
20,318,AMBIKCO,EQ,12965,6271,48.37
20,319,AMBUJACEM,EQ,4400205,2072965,47.11
20,320,AMDIND,EQ,8466,5868,69.31
20,321,AMEYA,SM,2000,2000,100.00
20,322,AMIABLE,SM,3200,1600,50.00
20,323,AMIORG,EQ,340531,108927,31.99
20,324,AMJLAND,EQ,40272,27143,67.40
20,325,AMNPLST,EQ,30951,12069,38.99
20,326,AMRUTANJAN,EQ,15957,7467,46.79
20,327,ANANDRATHI,EQ,49841,27850,55.88
20,328,ANANTRAJ,EQ,4118191,1488869,36.15
20,329,ANDHRAPAP,EQ,128359,46927,36.56
20,330,ANDHRSUGAR,EQ,57157,22753,39.81
20,331,ANGELONE,EQ,1129582,257679,22.81
20,332,ANIKINDS,EQ,6873,4693,68.28
20,333,ANLON,SM,4000,3600,90.00
20,334,ANMOL,EQ,24262,16167,66.64
20,335,ANNAPURNA,SM,39500,27750,70.25
20,336,ANTGRAPHIC,EQ,226202,148247,65.54
20,337,ANUHPHR,EQ,22768,18682,82.05
20,338,ANUP,EQ,70050,30569,43.64
20,339,ANURAS,EQ,86417,29353,33.97
20,340,ANYA,SM,800000,520000,65.00
20,341,APARINDS,EQ,182551,96262,52.73
20,342,APCL,EQ,5959,4094,68.70
20,343,APCOTEXIND,EQ,23367,10042,42.98
20,344,APEX,EQ,153331,58025,37.84
20,345,APEXECO,SM,115200,68800,59.72
20,346,APLAPOLLO,EQ,514600,269547,52.38
20,347,APLLTD,EQ,324473,119801,36.92
20,348,APOLLO,EQ,5598745,2187085,39.06
20,349,APOLLOHOSP,EQ,250589,128502,51.28
20,350,APOLLOPIPE,EQ,20788,10354,49.81
20,351,APOLLOTYRE,EQ,1118063,393925,35.23
20,352,APOLSINHOT,EQ,526,397,75.48
20,353,APRAMEYA,ST,6000,6000,100.00
20,354,APS,SM,146500,77750,53.07
20,355,APTECHT,EQ,66225,28914,43.66
20,356,APTUS,EQ,384655,225907,58.73
20,357,ARABIAN,SM,2000,2000,100.00
20,358,ARCHIDPLY,EQ,10875,3223,29.64
20,359,ARCHIES,EQ,10971,7538,68.71
20,360,ARE&M,EQ,806142,261821,32.48
20,361,ARHAM,SM,3000,3000,100.00
20,362,ARIHANTACA,ST,2400,2400,100.00
20,363,ARIHANTCAP,EQ,335836,161343,48.04
20,364,ARIHANTSUP,EQ,428553,137605,32.11
20,365,ARISTO,ST,1600,1600,100.00
20,366,ARKADE,EQ,613044,159643,26.04
20,367,ARMANFIN,EQ,21213,11197,52.78
20,368,AROGRANITE,EQ,28977,18565,64.07
20,369,ARROWGREEN,EQ,13013,7142,54.88
20,370,ARTEMISMED,EQ,92760,44647,48.13
20,371,ARVEE,EQ,1603,680,42.42
20,372,ARVIND,EQ,598696,255981,42.76
20,373,ARVINDFASN,EQ,280945,186511,66.39
20,374,ARVSMART,EQ,63025,29884,47.42
20,375,ASAHIINDIA,EQ,139161,28931,20.79
20,376,ASAHISONG,EQ,7459,6126,82.13
20,377,ASAL,EQ,21560,12028,55.79
20,378,ASALCBR,EQ,190254,83343,43.81
20,379,ASHALOG,ST,6000,6000,100.00
20,380,ASHAPURMIN,EQ,297259,156574,52.67
20,381,ASHIANA,EQ,76392,30184,39.51
20,382,ASHIMASYN,EQ,131537,80174,60.95
20,383,ASHOKA,EQ,2479149,847149,34.17
20,384,ASHOKAMET,EQ,30558,20996,68.71
20,385,ASHOKLEY,EQ,10645813,5635375,52.94
20,386,ASIANENE,EQ,45905,20911,45.55
20,387,ASIANPAINT,EQ,1070392,490594,45.83
20,388,ASIANTILES,EQ,285277,142431,49.93
20,389,ASKAUTOLTD,EQ,73354,34308,46.77
20,390,ASMS,EQ,338780,183347,54.12
20,391,ASPINWALL,EQ,6322,3252,51.44
20,392,ASTEC,EQ,6949,2949,42.44
20,393,ASTERDM,EQ,1046248,318204,30.41
20,394,ASTRAL,EQ,335501,164038,48.89
20,395,ASTRAMICRO,EQ,203878,117807,57.78
20,396,ASTRAZEN,EQ,19326,4271,22.10
20,397,ASTRON,EQ,25703,17478,68.00
20,398,ATAM,EQ,12315,7662,62.22
20,399,ATFL,EQ,39437,24992,63.37
20,400,ATGL,EQ,467426,133400,28.54
20,401,ATL,EQ,138944,79554,57.26
20,402,ATMASTCO,ST,38800,38800,100.00
20,403,ATUL,EQ,22239,8744,39.32
20,404,ATULAUTO,EQ,32614,11249,34.49
20,405,AUBANK,EQ,1844807,833070,45.16
20,406,AURDIS,ST,6250,5625,90.00
20,407,AURIONPRO,EQ,41373,23719,57.33
20,408,AUROIMPEX,SM,3200,3200,100.00
20,409,AUROPHARMA,EQ,619536,260548,42.06
20,410,AURUM,EQ,19032,8510,44.71
20,411,AURUMPP1,E1,887,832,93.80
20,412,AUSL,SM,126000,124000,98.41
20,413,AUTOAXLES,EQ,4295,2779,64.70
20,414,AUTOBEES,EQ,239858,119767,49.93
20,415,AUTOIETF,EQ,493488,166907,33.82
20,416,AUTOIND,EQ,35608,24031,67.49
20,417,AVADHSUGAR,EQ,46098,23977,52.01
20,418,AVALON,EQ,820343,253860,30.95
20,419,AVANTEL,EQ,343989,172530,50.16
20,420,AVANTIFEED,EQ,788827,248443,31.50
20,421,AVIANSH,ST,4000,2000,50.00
20,422,AVL,EQ,549583,339882,61.84
20,423,AVPINFRA,ST,16800,16800,100.00
20,424,AVTNPL,EQ,37564,20233,53.86
20,425,AWFIS,EQ,100579,52338,52.04
20,426,AWHCL,EQ,107484,28864,26.85
20,427,AWL,EQ,1017274,480380,47.22
20,428,AXISBANK,EQ,7124605,4923830,69.11
20,429,AXISBNKETF,EQ,212,200,94.34
20,430,AXISBPSETF,EQ,122062,109512,89.72
20,431,AXISCETF,EQ,17741,8769,49.43
20,432,AXISGOLD,EQ,306008,215568,70.45
20,433,AXISHCETF,EQ,3426,2387,69.67
20,434,AXISILVER,EQ,62526,47083,75.30
20,435,AXISNIFTY,EQ,6297,5102,81.02
20,436,AXISTECETF,EQ,567,426,75.13
20,437,AXITA,EQ,2772887,584402,21.08
20,438,AXSENSEX,EQ,558,307,55.02
20,439,AYMSYNTEX,EQ,64554,32940,51.03
20,440,AZAD,EQ,163713,50165,30.64
20,441,BAHETI,SM,21375,20250,94.74
20,442,BAIDFIN,EQ,1580218,650603,41.17
20,443,BAJAJ-AUTO,EQ,667412,417555,62.56
20,444,BAJAJCON,EQ,529264,383346,72.43
20,445,BAJAJELEC,EQ,45785,12885,28.14
20,446,BAJAJFINSV,EQ,2918355,1129055,38.69
20,447,BAJAJHCARE,EQ,659019,157469,23.89
20,448,BAJAJHFL,EQ,7281515,2779000,38.17
20,449,BAJAJHIND,EQ,3432683,1459169,42.51
20,450,BAJAJHLDNG,EQ,100514,19098,19.00
20,451,BAJEL,EQ,151051,63463,42.01
20,452,BAJFINANCE,EQ,4336926,2731187,62.98
20,453,BALAJEE,EQ,78195,43169,55.21
20,454,BALAMINES,EQ,126560,25407,20.08
20,455,BALAXI,EQ,19287,14258,73.93
20,456,BALCO,ST,2400,1200,50.00
20,457,BALKRISHNA,EQ,27444,9719,35.41
20,458,BALKRISIND,EQ,72927,24071,33.01
20,459,BALMLAWRIE,EQ,229935,112576,48.96
20,460,BALPHARMA,EQ,11929,3090,25.90
20,461,BALRAMCHIN,EQ,367417,133732,36.40
20,462,BALUFORGE,EQ,499094,89535,17.94
20,463,BANARISUG,EQ,854,587,68.74
20,464,BANCOINDIA,EQ,179504,99548,55.46
20,465,BANDHANBNK,EQ,8873799,2959045,33.35
20,466,BANKA,EQ,6914,3505,50.69
20,467,BANKBARODA,EQ,13272380,5438273,40.97
20,468,BANKBEES,EQ,466239,245500,52.66
20,469,BANKBETF,EQ,1799277,1797892,99.92
20,470,BANKETF,EQ,2487,2287,91.96
20,471,BANKETFADD,EQ,3858,3522,91.29
20,472,BANKIETF,EQ,338056,225081,66.58
20,473,BANKINDIA,EQ,13485224,5421252,40.20
20,474,BANKNIFTY1,EQ,119052,109975,92.38
20,475,BANKPSU,EQ,2056,2038,99.12
20,476,BANSALWIRE,EQ,74509,35683,47.89
20,477,BANSWRAS,EQ,12501,6794,54.35
20,478,BARBEQUE,EQ,562205,289305,51.46
20,479,BARFLEX,SM,100000,60000,60.00
20,480,BASF,EQ,68493,34202,49.94
20,481,BASILIC,ST,9300,7800,83.87
20,482,BASML,EQ,24010,13413,55.86
20,483,BATAINDIA,EQ,998808,325979,32.64
20,484,BAWEJA,SM,4000,4000,100.00
20,485,BAYERCROP,EQ,14253,5628,39.49
20,486,BBETF0432,EQ,2049,2029,99.02
20,487,BBL,EQ,46482,27758,59.72
20,488,BBNPNBETF,EQ,311,311,100.00
20,489,BBNPPGOLD,EQ,1844,1793,97.23
20,490,BBOX,EQ,218728,140169,64.08
20,491,BBTC,EQ,92386,13534,14.65
20,492,BBTCL,EQ,1119,488,43.61
20,493,BCLIND,EQ,504895,249571,49.43
20,494,BCONCEPTS,EQ,8705,4247,48.79
20,495,BDL,EQ,2985292,1024383,34.31
20,496,BEACON,SM,26000,24000,92.31
20,497,BEARDSELL,EQ,45823,18324,39.99
20,498,BECTORFOOD,EQ,263239,180282,68.49
20,499,BEDMUTHA,EQ,7218,6877,95.28
20,500,BEL,EQ,41786023,15162080,36.29
20,501,BEML,EQ,247528,79043,31.93
20,502,BEPL,EQ,502886,238201,47.37
20,503,BERGEPAINT,EQ,1769700,770851,43.56
20,504,BESTAGRO,EQ,23509,11715,49.83
20,505,BETA,SM,12600,7100,56.35
20,506,BEWLTD,ST,7500,7500,100.00
20,507,BFINVEST,EQ,9824,4650,47.33
20,508,BFSI,EQ,200144,123508,61.71
20,509,BFUTILITIE,EQ,20262,12925,63.79
20,510,BHAGCHEM,EQ,240319,162021,67.42
20,511,BHAGERIA,EQ,1133281,187461,16.54
20,512,BHAGYANGR,EQ,47565,18032,37.91
20,513,BHANDARI,EQ,362606,219186,60.45
20,514,BHARATFORG,EQ,1589240,806206,50.73
20,515,BHARATGEAR,EQ,13669,7656,56.01
20,516,BHARATRAS,EQ,1569,667,42.51
20,517,BHARATWIRE,EQ,46374,25096,54.12
20,518,BHARTIARTL,EQ,4146970,2623899,63.27
20,519,BHARTIHEXA,EQ,513761,404744,78.78
20,520,BHEL,EQ,23794278,7587378,31.89
20,521,BIGBLOC,EQ,173030,94117,54.39
20,522,BIKAJI,EQ,283352,87302,30.81
20,523,BIKEWO,SM,10000,6000,60.00
20,524,BINANIIND,EQ,11183,6079,54.36
20,525,BIOCON,EQ,1613162,387693,24.03
20,526,BIOFILCHEM,EQ,10822,6267,57.91
20,527,BIRDYS,SM,2400,2400,100.00
20,528,BIRET,RR,363267,349496,96.21
20,529,BIRLACABLE,EQ,14399,7452,51.75
20,530,BIRLACORPN,EQ,120797,66465,55.02
20,531,BLACKBUCK,EQ,82672,51049,61.75
20,532,BLAL,EQ,29536,18938,64.12
20,533,BLBLIMITED,EQ,669331,509753,76.16
20,534,BLISSGVS,EQ,285808,119283,41.74
20,535,BLKASHYAP,EQ,429557,263314,61.30
20,536,BLS,EQ,940928,217676,23.13
20,537,BLSE,EQ,143730,71595,49.81
20,538,BLUEDART,EQ,17134,8868,51.76
20,539,BLUEJET,EQ,826363,467189,56.54
20,540,BLUEPEBBLE,SM,1200,800,66.67
20,541,BLUESTARCO,EQ,1353584,370410,27.37
20,542,BMETRICS,SM,5600,4800,85.71
20,543,BODALCHEM,EQ,133282,62454,46.86
20,544,BOMDYEING,EQ,753435,270809,35.94
20,545,BOROLTD,EQ,60628,29558,48.75
20,546,BOROSCI,EQ,50570,29852,59.03
20,547,BOSCHLTD,EQ,24413,11242,46.05
20,548,BPCL,EQ,21517136,11926847,55.43
20,549,BPL,EQ,123839,65102,52.57
20,550,BRACEPORT,ST,4800,4800,100.00
20,551,BRIGADE,EQ,850571,213580,25.11
20,552,BRIGHT,SZ,51000,48000,94.12
20,553,BRITANNIA,EQ,517520,259152,50.08
20,554,BRNL,EQ,33372,19013,56.97
20,555,BSE,EQ,1122494,314760,28.04
20,556,BSE500IETF,EQ,72900,47657,65.37
20,557,BSHSL,EQ,152493,62175,40.77
20,558,BSL,EQ,7831,4455,56.89
20,559,BSLGOLDETF,EQ,277738,263354,94.82
20,560,BSLNIFTY,EQ,504938,297168,58.85
20,561,BSLSENETFG,EQ,8893,7952,89.42
20,562,BSOFT,EQ,757861,232196,30.64
20,563,BUTTERFLY,EQ,6972,3774,54.13
20,564,BVCL,EQ,65396,39310,60.11
20,565,C2C,SM,81000,53400,65.93
20,566,CADSYS,ST,1000,1000,100.00
20,567,CAMLINFINE,EQ,690800,255341,36.96
20,568,CAMPUS,EQ,1083382,267864,24.72
20,569,CAMS,EQ,646917,319179,49.34
20,570,CANARYS,SM,80000,60000,75.00
20,571,CANBK,EQ,18359971,6747923,36.75
20,572,CANFINHOME,EQ,715089,360546,50.42
20,573,CANTABIL,EQ,395833,154568,39.05
20,574,CAPACITE,EQ,427736,189376,44.27
20,575,CAPINVIT,IV,163976,134287,81.89
20,576,CAPITALSFB,EQ,44127,33695,76.36
20,577,CAPLIPOINT,EQ,183471,49366,26.91
20,578,CAPTRUST,EQ,415938,47244,11.36
20,579,CARBORUNIV,EQ,189491,122357,64.57
20,580,CAREERP,EQ,11790,7626,64.68
20,581,CARERATING,EQ,106413,55480,52.14
20,582,CARRARO,EQ,70245,14307,20.37
20,583,CARTRADE,EQ,747102,202834,27.15
20,584,CARYSIL,EQ,22978,9546,41.54
20,585,CASTROLIND,EQ,1935454,799596,41.31
20,586,CCHHL,EQ,24186,18930,78.27
20,587,CCL,EQ,78266,26686,34.10
20,588,CDSL,EQ,3824554,1620094,42.36
20,589,CEATLTD,EQ,325296,176781,54.34
20,590,CEIGALL,EQ,60362,34751,57.57
20,591,CELEBRITY,EQ,20067,12791,63.74
20,592,CELLECOR,SM,261000,171000,65.52
20,593,CELLO,EQ,580617,508320,87.55
20,594,CELLPOINT,SM,3600,3600,100.00
20,595,CENTENKA,EQ,13000,7505,57.73
20,596,CENTEXT,EQ,64357,50781,78.91
20,597,CENTRALBK,EQ,3051241,1135595,37.22
20,598,CENTRUM,EQ,259328,175687,67.75
20,599,CENTUM,EQ,18939,10548,55.69
20,600,CENTURYPLY,EQ,516299,276264,53.51
20,601,CERA,EQ,13059,5981,45.80
20,602,CESC,EQ,5326976,2245776,42.16
20,603,CEWATER,EQ,125618,34433,27.41
20,604,CGCL,EQ,255576,56731,22.20
20,605,CGPOWER,EQ,4695680,2326378,49.54
20,606,CGRAPHICS,SM,9600,7200,75.00
20,607,CHALET,EQ,1755614,706362,40.23
20,608,CHAMBLFERT,EQ,979805,230614,23.54
20,609,CHAVDA,SM,29000,14000,48.28
20,610,CHEMBOND,EQ,3034,1394,45.95
20,611,CHEMCON,EQ,19150,10262,53.59
20,612,CHEMFAB,EQ,5962,3648,61.19
20,613,CHEMPLASTS,EQ,43039,17152,39.85
20,614,CHENNPETRO,EQ,440056,193345,43.94
20,615,CHETANA,SM,20800,14400,69.23
20,616,CHEVIOT,EQ,1276,937,73.43
20,617,CHOICEIN,EQ,297707,60717,20.39
20,618,CHOLAFIN,EQ,3201674,1255676,39.22
20,619,CHOLAHLDNG,EQ,515939,400066,77.54
20,620,CIEINDIA,EQ,149384,76812,51.42
20,621,CIGNITITEC,EQ,334986,181813,54.27
20,622,CINEVISTA,EQ,25337,11957,47.19
20,623,CIPLA,EQ,1757831,1013341,57.65
20,624,CLEAN,EQ,157317,71930,45.72
20,625,CLEDUCATE,EQ,157978,58400,36.97
20,626,CLOUD,SZ,115000,94000,81.74
20,627,CLSEL,EQ,51379,23210,45.17
20,628,CLSL,SM,6000,4000,66.67
20,629,CMNL,SM,1500,1500,100.00
20,630,CMSINFO,EQ,311011,183051,58.86
20,631,COALINDIA,EQ,7689700,3445325,44.80
20,632,COASTCORP,EQ,19394,10669,55.01
20,633,COCHINSHIP,EQ,592688,253702,42.81
20,634,COFORGE,EQ,411553,166077,40.35
20,635,COLPAL,EQ,842245,391667,46.50
20,636,COMMITTED,ST,28800,28800,100.00
20,637,COMMOIETF,EQ,94851,39433,41.57
20,638,COMPUSOFT,EQ,35005,19847,56.70
20,639,CONCOR,EQ,1159961,440662,37.99
20,640,CONCORDBIO,EQ,30183,9357,31.00
20,641,CONFIPET,EQ,247872,92682,37.39
20,642,CONS,EQ,5780,4377,75.73
20,643,CONSOFINVT,EQ,6662,3100,46.53
20,644,CONSUMBEES,EQ,878922,663672,75.51
20,645,CONSUMER,EQ,437516,373121,85.28
20,646,CONSUMIETF,EQ,123444,84403,68.37
20,647,CONTI,ST,3333,3333,100.00
20,648,CONTROLPR,EQ,4058,2251,55.47
20,649,COOLCAPS,ST,2000,2000,100.00
20,650,CORALFINAC,EQ,15271,10505,68.79
20,651,CORDSCABLE,EQ,16556,9858,59.54
20,652,COROMANDEL,EQ,501819,239476,47.72
20,653,COSMOFIRST,EQ,56291,30345,53.91
20,654,COUNCODOS,EQ,107776,85788,79.60
20,655,CPS,ST,1800,1800,100.00
20,656,CPSEETF,EQ,5348391,2929723,54.78
20,657,CRAFTSMAN,EQ,76336,60813,79.66
20,658,CRAYONS,SM,7000,7000,100.00
20,659,CREATIVE,EQ,7372,4361,59.16
20,660,CREATIVEYE,EQ,15971,7412,46.41
20,661,CREDITACC,EQ,851487,271302,31.86
20,662,CREST,EQ,11538,5662,49.07
20,663,CRISIL,EQ,40316,22263,55.22
20,664,CROMPTON,EQ,2251906,1005372,44.65
20,665,CROWN,EQ,13132,7415,56.47
20,666,CSBBANK,EQ,59860,27569,46.06
20,667,CSLFINANCE,EQ,22394,15799,70.55
20,668,CTE,EQ,30525,18569,60.83
20,669,CUB,EQ,5167077,1870007,36.19
20,670,CUMMINSIND,EQ,1133967,647738,57.12
20,671,CUPID,EQ,868724,335046,38.57
20,672,CYBERMEDIA,EQ,4963,3413,68.77
20,673,CYBERTECH,EQ,64065,30813,48.10
20,674,CYIENT,EQ,579606,256556,44.26
20,675,CYIENTDLM,EQ,158856,84623,53.27
20,676,DABUR,EQ,3792769,1697365,44.75
20,677,DALBHARAT,EQ,214516,79993,37.29
20,678,DALMIASUG,EQ,45800,21600,47.16
20,679,DAMCAPITAL,EQ,1369396,405127,29.58
20,680,DAMODARIND,EQ,5170,3285,63.54
20,681,DANGEE,EQ,80159,48696,60.75
20,682,DANISH,SM,52200,28200,54.02
20,683,DATAMATICS,EQ,107589,58604,54.47
20,684,DATAPATTNS,EQ,189417,61649,32.55
20,685,DAVANGERE,EQ,1334521,621716,46.59
20,686,DBCORP,EQ,130716,80737,61.77
20,687,DBEIL,EQ,57427,28740,50.05
20,688,DBL,EQ,217441,107046,49.23
20,689,DBOL,EQ,131947,73329,55.57
20,690,DBREALTY,EQ,1226822,571855,46.61
20,691,DBSTOCKBRO,EQ,10737,2432,22.65
20,692,DCAL,EQ,349084,159844,45.79
20,693,DCBBANK,EQ,360797,186644,51.73
20,694,DCG,SM,22800,19200,84.21
20,695,DCI,EQ,7755,4065,52.42
20,696,DCM,EQ,26109,9201,35.24
20,697,DCMNVL,EQ,12749,10552,82.77
20,698,DCMSHRIRAM,EQ,67237,22854,33.99
20,699,DCMSRIND,EQ,59535,32357,54.35
20,700,DCW,EQ,988151,490921,49.68
20,701,DCXINDIA,EQ,324614,151294,46.61
20,702,DDEVPLSTIK,EQ,65695,38539,58.66
20,703,DECCANCE,EQ,6385,3507,54.93
20,704,DECCANTRAN,ST,9600,9600,100.00
20,705,DEEDEV,EQ,89422,59399,66.43
20,706,DEEM,SM,3000,2000,66.67
20,707,DEEPAKFERT,EQ,603744,278741,46.17
20,708,DEEPAKNTR,EQ,223017,38392,17.21
20,709,DEEPINDS,EQ,243609,100454,41.24
20,710,DELAPLEX,SM,7800,6600,84.62
20,711,DELHIVERY,EQ,1042101,241151,23.14
20,712,DELTACORP,EQ,957186,362589,37.88
20,713,DELTAMAGNT,EQ,9531,3194,33.51
20,714,DELTIC,SM,15000,10000,66.67
20,715,DEN,EQ,520838,215985,41.47
20,716,DENEERS,ST,600,600,100.00
20,717,DENORA,EQ,18522,10747,58.02
20,718,DENTALKART,SM,10250,6000,58.54
20,719,DEVIT,EQ,205339,50313,24.50
20,720,DEVYANI,EQ,11767536,3404252,28.93
20,721,DHAMPURSUG,EQ,128822,54541,42.34
20,722,DHANI,EQ,2399735,1061556,44.24
20,723,DHANLAXMI,ST,14000,10000,71.43
20,724,DHANUKA,EQ,88889,18314,20.60
20,725,DHARIWAL,SM,1200,1200,100.00
20,726,DHARMAJ,EQ,84458,41742,49.42
20,727,DHRUV,EQ,32623,27015,82.81
20,728,DHUNINV,EQ,505,302,59.80
20,729,DIAMINESQ,EQ,1691,674,39.86
20,730,DIAMONDYD,EQ,100109,43856,43.81
20,731,DICIND,EQ,1115,769,68.97
20,732,DIFFNKG,EQ,70632,51296,72.62
20,733,DIGIDRIVE,EQ,21972,11502,52.35
20,734,DIGIKORE,ST,5600,4600,82.14
20,735,DIGISPICE,EQ,34849,21908,62.87
20,736,DISHTV,EQ,11144388,7091008,63.63
20,737,DIVGIITTS,EQ,72625,54324,74.80
20,738,DIVISLAB,EQ,1299208,312526,24.06
20,739,DIVOPPBEES,EQ,61011,49170,80.59
20,740,DIXON,EQ,331167,104426,31.53
20,741,DLF,EQ,3009915,1384517,46.00
20,742,DLINKINDIA,EQ,118182,67085,56.76
20,743,DMART,EQ,1842880,822972,44.66
20,744,DNAMEDIA,EQ,194839,150144,77.06
20,745,DODLA,EQ,55130,22192,40.25
20,746,DOLATALGO,EQ,212746,83340,39.17
20,747,DOLLAR,EQ,33654,17272,51.32
20,748,DOLLEX,SM,16000,16000,100.00
20,749,DOLPHIN,EQ,14911,11729,78.66
20,750,DOMS,EQ,78710,36302,46.12
20,751,DONEAR,EQ,55510,22556,40.63
20,752,DPABHUSHAN,EQ,38782,20614,53.15
20,753,DPEL,ST,37500,34500,92.00
20,754,DPSCLTD,EQ,121584,95269,78.36
20,755,DPWIRES,EQ,24158,12635,52.30
20,756,DRCSYSTEMS,EQ,54983,28486,51.81
20,757,DREAMFOLKS,EQ,125317,62756,50.08
20,758,DREDGECORP,EQ,30605,17862,58.36
20,759,DRL,SM,18000,18000,100.00
20,760,DRONE,ST,5500,5500,100.00
20,761,DRREDDY,EQ,1407877,906861,64.41
20,762,DSSL,EQ,43838,22490,51.30
20,763,DTIL,EQ,2289,1491,65.14
20,764,DTL,SM,2400,2400,100.00
20,765,DUCOL,SM,9600,8800,91.67
20,766,DUCON,EQ,335348,206125,61.47
20,767,DURLAX,SM,16000,10000,62.50
20,768,DVL,EQ,10449,5479,52.44
20,769,DWARKESH,EQ,396986,174553,43.97
20,770,DYCL,EQ,99157,56552,57.03
20,771,DYNAMATECH,EQ,8201,3344,40.78
20,772,DYNAMIC,ST,4500,4500,100.00
20,773,DYNPRO,EQ,17082,11384,66.64
20,774,EASEMYTRIP,EQ,20207668,6352128,31.43
20,775,EBANKNIFTY,EQ,419,241,57.52
20,776,EBBETF0425,EQ,34540,32379,93.74
20,777,EBBETF0430,EQ,8887,8646,97.29
20,778,EBBETF0431,EQ,1980,1836,92.73
20,779,EBBETF0433,EQ,3479,2748,78.99
20,780,ECAPINSURE,EQ,33554,31220,93.04
20,781,ECLERX,EQ,118912,82287,69.20
20,782,ECOSMOBLTY,EQ,75815,38372,50.61
20,783,EDELWEISS,EQ,1500393,706492,47.09
20,784,EFACTOR,ST,1600,1600,100.00
20,785,EFFWA,ST,26800,26000,97.01
20,786,EFORCE,SM,22800,14400,63.16
20,787,EGOLD,EQ,23887,20195,84.54
20,788,EICHERMOT,EQ,1330533,529422,39.79
20,789,EIDPARRY,EQ,251387,102367,40.72
20,790,EIEL,EQ,1736775,364734,21.00
20,791,EIFFL,EQ,16487,10750,65.20
20,792,EIHAHOTELS,EQ,49259,15359,31.18
20,793,EIHOTEL,EQ,478369,150675,31.50
20,794,EIMCOELECO,EQ,11407,7341,64.36
20,795,EKC,EQ,812027,332686,40.97
20,796,ELDEHSG,EQ,498,394,79.12
20,797,ELECON,EQ,1308849,639741,48.88
20,798,ELECTCAST,EQ,1615608,727979,45.06
20,799,ELGIEQUIP,EQ,849531,100698,11.85
20,800,ELIN,EQ,95705,50063,52.31
20,801,EMAIN,ST,46000,44000,95.65
20,802,EMAMILTD,EQ,839755,487212,58.02
20,803,EMAMIPAP,EQ,14351,6981,48.64
20,804,EMBASSY,RR,304265,281543,92.53
20,805,EMBDL,EQ,4067920,1411080,34.69
20,806,EMCURE,EQ,80249,50145,62.49
20,807,EMIL,EQ,2842401,2332953,82.08
20,808,EMKAYTOOLS,SM,900,900,100.00
20,809,EMMBI,EQ,43751,19427,44.40
20,810,EMMIL,ST,15000,14750,98.33
20,811,EMSLIMITED,EQ,299251,85753,28.66
20,812,EMUDHRA,EQ,239249,105900,44.26
20,813,EMULTIMQ,EQ,66414,60884,91.67
20,814,ENDURANCE,EQ,93457,73768,78.93
20,815,ENFUSE,ST,3600,3600,100.00
20,816,ENGINERSIN,EQ,3437509,835198,24.30
20,817,ENIL,EQ,13774,6656,48.32
20,818,ENSER,ST,4000,4000,100.00
20,819,ENTERO,EQ,112858,69223,61.34
20,820,ENVIRO,SM,24000,12000,50.00
20,821,EPACK,EQ,780162,317878,40.75
20,822,EPIGRAL,EQ,53846,19903,36.96
20,823,EPL,EQ,647347,219101,33.85
20,824,EQUAL50ADD,EQ,40794,38882,95.31
20,825,EQUITASBNK,EQ,5306801,2624171,49.45
20,826,ERIS,EQ,162992,131076,80.42
20,827,ESABINDIA,EQ,2130,951,44.65
20,828,ESAFSFB,EQ,650689,366760,56.36
20,829,ESCONET,ST,20400,20400,100.00
20,830,ESCORTS,EQ,269358,125827,46.71
20,831,ESFL,SM,77400,48960,63.26
20,832,ESG,EQ,2943,1452,49.34
20,833,ESILVER,EQ,47173,46429,98.42
20,834,ESPRIT,ST,16000,14400,90.00
20,835,ESSENTIA,EQ,2438480,1493292,61.24
20,836,ESTER,EQ,70325,47662,67.77
20,837,ETHOSLTD,EQ,31883,12810,40.18
20,838,ETML,SM,4800,3600,75.00
20,839,EUREKAFORB,EQ,335771,292328,87.06
20,840,EUROBOND,SM,14000,10000,71.43
20,841,EVEREADY,EQ,34598,18097,52.31
20,842,EVINDIA,EQ,257676,215029,83.45
20,843,EXCELINDUS,EQ,13189,6255,47.43
20,844,EXCELLENT,SM,3200,1600,50.00
20,845,EXICOM,EQ,289260,150430,52.01
20,846,EXIDEIND,EQ,4584030,1704471,37.18
20,847,EXPLEOSOL,EQ,11686,8298,71.01
20,848,EXXARO,EQ,456033,238398,52.28
20,849,FACT,EQ,236804,52791,22.29
20,850,FAIRCHEMOR,EQ,8392,3602,42.92
20,851,FAZE3Q,EQ,6169,3695,59.90
20,852,FCL,EQ,165111,55765,33.77
20,853,FCSSOFT,EQ,1649549,805387,48.82
20,854,FDC,EQ,53884,26882,49.89
20,855,FEDERALBNK,EQ,3886494,1509490,38.84
20,856,FEDFINA,EQ,260044,124627,47.93
20,857,FELIX,ST,25500,25000,98.04
20,858,FIBERWEB,EQ,46788,22986,49.13
20,859,FICRF3GP,MF,1000,1000,100.00
20,860,FIDEL,ST,5000,5000,100.00
20,861,FIEMIND,EQ,29154,12986,44.54
20,862,FILATEX,EQ,1455262,642924,44.18
20,863,FINCABLES,EQ,108717,50867,46.79
20,864,FINEORG,EQ,21183,7106,33.55
20,865,FINIETF,EQ,241870,119171,49.27
20,866,FINOPB,EQ,59464,27456,46.17
20,867,FINPIPE,EQ,391575,148718,37.98
20,868,FIRSTCRY,EQ,899733,700225,77.83
20,869,FIVESTAR,EQ,488537,203291,41.61
20,870,FLAIR,EQ,48132,27067,56.23
20,871,FLUOROCHEM,EQ,135012,65168,48.27
20,872,FMCGIETF,EQ,2619912,2121554,80.98
20,873,FMGOETZE,EQ,29459,18224,61.86
20,874,FOCUS,EQ,77545,48514,62.56
20,875,FONEBOX,SM,21000,20000,95.24
20,876,FOODSIN,EQ,50891,24302,47.75
20,877,FORCAS,ST,20800,20800,100.00
20,878,FORCEMOT,EQ,16803,8273,49.24
20,879,FORGEAUTO,SM,19200,10800,56.25
20,880,FORTIS,EQ,1137364,553221,48.64
20,881,FOSECOIND,EQ,1408,561,39.84
20,882,FRESHARA,ST,24000,24000,100.00
20,883,FROG,SM,118400,67200,56.76
20,884,FSL,EQ,3433987,1795572,52.29
20,885,FUSION,EQ,125397,64974,51.81
20,886,GABRIEL,EQ,2079730,371161,17.85
20,887,GAEL,EQ,508651,179149,35.22
20,888,GAIL,EQ,17456702,8826706,50.56
20,889,GAJANAND,ST,15000,12000,80.00
20,890,GALAPREC,EQ,35028,14167,40.44
20,891,GALAXYSURF,EQ,7026,3078,43.81
20,892,GALLANTT,EQ,11061,7079,64.00
20,893,GANDHAR,EQ,95926,51387,53.57
20,894,GANDHITUBE,EQ,2196,1204,54.83
20,895,GANECOS,EQ,212925,55872,26.24
20,896,GANESHBE,EQ,45333,22586,49.82
20,897,GANESHHOUC,EQ,164761,87816,53.30
20,898,GANESHIN,SM,33600,25600,76.19
20,899,GANGAFORGE,EQ,84964,66061,77.75
20,900,GANGESSECU,EQ,5987,2587,43.21
20,901,GARFIBRES,EQ,36472,15195,41.66
20,902,GARUDA,EQ,625976,173699,27.75
20,903,GATEWAY,EQ,516167,261662,50.69
20,904,GEECEE,EQ,7707,4684,60.78
20,905,GEEKAYWIRE,EQ,47923,21655,45.19
20,906,GENCON,EQ,39919,25013,62.66
20,907,GENESYS,EQ,474125,212271,44.77
20,908,GENSOL,EQ,58312,28448,48.79
20,909,GENUSPAPER,EQ,127220,78229,61.49
20,910,GENUSPOWER,EQ,1322812,740237,55.96
20,911,GEOJITFSL,EQ,459996,237361,51.60
20,912,GEPIL,EQ,133719,79322,59.32
20,913,GESHIP,EQ,556864,287003,51.54
20,914,GFLLIMITED,EQ,38823,21855,56.29
20,915,GGBL,ST,24300,21600,88.89
20,916,GHCL,EQ,513553,183256,35.68
20,917,GHCLTEXTIL,EQ,699711,201400,28.78
20,918,GICHSGFIN,EQ,89472,45703,51.08
20,919,GICL,ST,39000,39000,100.00
20,920,GICRE,EQ,2541231,996012,39.19
20,921,GILLETTE,EQ,27704,12229,44.14
20,922,GILT5YBEES,EQ,228806,187263,81.84
20,923,GINNIFILA,EQ,12133,4221,34.79
20,924,GIPCL,EQ,305933,137890,45.07
20,925,GKWLIMITED,EQ,859,428,49.83
20,926,GLAND,EQ,100734,45939,45.60
20,927,GLAXO,EQ,109517,62980,57.51
20,928,GLENMARK,EQ,370593,185805,50.14
20,929,GLOBAL,EQ,69237,42171,60.91
20,930,GLOBALPET,SM,10500,6000,57.14
20,931,GLOBE,EQ,1558640,858587,55.09
20,932,GLOBUSSPR,EQ,315152,98462,31.24
20,933,GLOSTERLTD,EQ,389,244,62.72
20,934,GMBREW,EQ,391463,68200,17.42
20,935,GMDCLTD,EQ,843875,272960,32.35
20,936,GMMPFAUDLR,EQ,56940,33222,58.35
20,937,GMRAIRPORT,EQ,12042878,4436501,36.84
20,938,GMRP&UI,EQ,1758689,972504,55.30
20,939,GNA,EQ,78102,49464,63.33
20,940,GNFC,EQ,405750,95326,23.49
20,941,GOACARBON,EQ,15907,8153,51.25
20,942,GOCLCORP,EQ,15653,8794,56.18
20,943,GOCOLORS,EQ,283666,275348,97.07
20,944,GODAVARIB,EQ,137628,96288,69.96
20,945,GODFRYPHLP,EQ,345434,54509,15.78
20,946,GODIGIT,EQ,410920,123492,30.05
20,947,GODREJAGRO,EQ,164421,69437,42.23
20,948,GODREJCP,EQ,1300237,644895,49.60
20,949,GODREJIND,EQ,155292,93903,60.47
20,950,GODREJPROP,EQ,596145,296850,49.79
20,951,GOKEX,EQ,212241,82826,39.02
20,952,GOKULAGRO,EQ,67707,41762,61.68
20,953,GOLD1,EQ,1366910,1233382,90.23
20,954,GOLDBEES,EQ,13682573,9110588,66.59
20,955,GOLDCASE,EQ,1795498,1556383,86.68
20,956,GOLDETF,EQ,753547,610979,81.08
20,957,GOLDETFADD,EQ,64737,58917,91.01
20,958,GOLDIAM,EQ,1736632,414335,23.86
20,959,GOLDIETF,EQ,3895200,3427840,88.00
20,960,GOLDSHARE,EQ,1196122,1104193,92.31
20,961,GOLDSTAR,SM,1125000,1113750,99.00
20,962,GOODLUCK,EQ,60832,27183,44.69
20,963,GOPAL,EQ,56246,24003,42.68
20,964,GOYALALUM,EQ,73862,53485,72.41
20,965,GOYALSALT,SM,15000,13800,92.00
20,966,GPECO,ST,37200,34800,93.55
20,967,GPIL,EQ,951528,428867,45.07
20,968,GPPL,EQ,702547,293172,41.73
20,969,GPTHEALTH,EQ,41053,19289,46.99
20,970,GPTINFRA,EQ,103454,41924,40.52
20,971,GRANULES,EQ,829459,371388,44.77
20,972,GRAPHISAD,ST,4800,4800,100.00
20,973,GRAPHITE,EQ,201632,66322,32.89
20,974,GRASIM,EQ,427217,181042,42.38
20,975,GRAVITA,EQ,225505,103897,46.07
20,976,GREAVESCOT,EQ,11362810,2181073,19.19
20,977,GREENCHEF,SM,3200,1600,50.00
20,978,GREENLAM,EQ,80108,10388,12.97
20,979,GREENPANEL,EQ,520669,176270,33.85
20,980,GREENPLY,EQ,130010,62721,48.24
20,981,GREENPOWER,EQ,2943365,1437667,48.84
20,982,GRETEX,ST,3000,1500,50.00
20,983,GRINDWELL,EQ,11905,5189,43.59
20,984,GRINFRA,EQ,101171,29633,29.29
20,985,GRMOVER,EQ,537654,100420,18.68
20,986,GROBTEA,EQ,195,100,51.28
20,987,GROWWDEFNC,EQ,377199,282155,74.80
20,988,GROWWEV,EQ,757428,676228,89.28
20,989,GROWWGOLD,EQ,166239,91889,55.28
20,990,GROWWLIQID,EQ,73539,40840,55.54
20,991,GRPLTD,EQ,1103,895,81.14
20,992,GRSE,EQ,983607,198601,20.19
20,993,GRWRHITECH,EQ,134156,65425,48.77
20,994,GSEC10YEAR,EQ,2218,2181,98.33
20,995,GSEC5IETF,EQ,504,361,71.63
20,996,GSFC,EQ,770606,258089,33.49
20,997,GSLSU,EQ,42033,18297,43.53
20,998,GSPL,EQ,854895,426267,49.86
20,999,GSS,EQ,42063,27660,65.76
20,1000,GSTL,ST,4000,4000,100.00
20,1001,GTL,EQ,452527,195477,43.20
20,1002,GTLINFRA,EQ,29941932,12980266,43.35
20,1003,GTPL,EQ,13160,8353,63.47
20,1004,GUFICBIO,EQ,31968,12205,38.18
20,1005,GUJALKALI,EQ,16228,4551,28.04
20,1006,GUJAPOLLO,EQ,9103,6029,66.23
20,1007,GUJGASLTD,EQ,829890,131652,15.86
20,1008,GULFOILLUB,EQ,43222,22445,51.93
20,1009,GULFPETRO,EQ,102791,64123,62.38
20,1010,GULPOLY,EQ,1219545,360702,29.58
20,1011,GVPTECH,EQ,106987,73282,68.50
20,1012,GVT&D,EQ,515863,423040,82.01
20,1013,HAL,EQ,3692250,1445900,39.16
20,1014,HAPPSTMNDS,EQ,1162748,226018,19.44
20,1015,HAPPYFORGE,EQ,12131,4673,38.52
20,1016,HARIOMPIPE,EQ,54682,29416,53.79
20,1017,HARRMALAYA,EQ,12120,6131,50.59
20,1018,HARSHA,EQ,16162,8735,54.05
20,1019,HATHWAY,EQ,2729556,1191683,43.66
20,1020,HATSUN,EQ,548444,86708,15.81
20,1021,HAVELLS,EQ,1872505,679113,36.27
20,1022,HAVISHA,EQ,27945,22839,81.73
20,1023,HBLENGINE,EQ,1556821,338193,21.72
20,1024,HBSL,EQ,4444,1846,41.54
20,1025,HCC,EQ,15731502,5609784,35.66
20,1026,HCG,EQ,1234784,312718,25.33
20,1027,HCL-INSYS,EQ,164575,92337,56.11
20,1028,HCLTECH,EQ,2659929,1972069,74.14
20,1029,HDFCAMC,EQ,407937,234008,57.36
20,1030,HDFCBANK,EQ,10138270,7893988,77.86
20,1031,HDFCBSE500,EQ,11930,8694,72.88
20,1032,HDFCGOLD,EQ,3682165,2762620,75.03
20,1033,HDFCGROWTH,EQ,2437,1769,72.59
20,1034,HDFCLIFE,EQ,3293387,1734535,52.67
20,1035,HDFCLIQUID,EQ,3390,2368,69.85
20,1036,HDFCLOWVOL,EQ,40142,11846,29.51
20,1037,HDFCMID150,EQ,234196,154461,65.95
20,1038,HDFCMOMENT,EQ,181741,89489,49.24
20,1039,HDFCNEXT50,EQ,258107,206623,80.05
20,1040,HDFCNIF100,EQ,74926,67834,90.53
20,1041,HDFCNIFBAN,EQ,228250,206819,90.61
20,1042,HDFCNIFIT,EQ,7776,4514,58.05
20,1043,HDFCNIFTY,EQ,240789,169514,70.40
20,1044,HDFCPSUBK,EQ,20257,18067,89.19
20,1045,HDFCPVTBAN,EQ,80695,47337,58.66
20,1046,HDFCQUAL,EQ,5992,4277,71.38
20,1047,HDFCSENSEX,EQ,21850,18501,84.67
20,1048,HDFCSILVER,EQ,188731,143674,76.13
20,1049,HDFCSML250,EQ,632333,431529,68.24
20,1050,HDFCVALUE,EQ,18424,14124,76.66
20,1051,HEADSUP,EQ,49643,33934,68.36
20,1052,HEALTHADD,EQ,1700,1010,59.41
20,1053,HEALTHIETF,EQ,146987,77427,52.68
20,1054,HEALTHY,EQ,202063,117825,58.31
20,1055,HEG,EQ,720390,313748,43.55
20,1056,HEIDELBERG,EQ,143136,63483,44.35
20,1057,HEMIPROP,EQ,363047,198851,54.77
20,1058,HERANBA,EQ,29910,17711,59.21
20,1059,HERITGFOOD,EQ,331730,152249,45.90
20,1060,HEROMOTOCO,EQ,846135,375423,44.37
20,1061,HESTERBIO,EQ,2984,2226,74.60
20,1062,HEUBACHIND,EQ,18730,14444,77.12
20,1063,HEXATRADEX,EQ,16498,5077,30.77
20,1064,HFCL,EQ,15059349,2964528,19.69
20,1065,HGINFRA,EQ,89760,43558,48.53
20,1066,HGS,EQ,7094,4233,59.67
20,1067,HIGREEN,ST,4000,4000,100.00
20,1068,HIKAL,EQ,182868,75481,41.28
20,1069,HIL,EQ,10218,6107,59.77
20,1070,HILTON,EQ,33190,21176,63.80
20,1071,HIMATSEIDE,EQ,596480,225569,37.82
20,1072,HINDALCO,EQ,8169543,4243397,51.94
20,1073,HINDCOMPOS,EQ,5411,2912,53.82
20,1074,HINDCOPPER,EQ,3505306,1043016,29.76
20,1075,HINDMOTORS,EQ,563640,230830,40.95
20,1076,HINDOILEXP,EQ,402923,240814,59.77
20,1077,HINDPETRO,EQ,26282943,14510723,55.21
20,1078,HINDUNILVR,EQ,2528480,1330784,52.63
20,1079,HINDWAREAP,EQ,38915,21991,56.51
20,1080,HINDZINC,EQ,1149990,618957,53.82
20,1081,HIRECT,EQ,17150,9038,52.70
20,1082,HISARMETAL,EQ,9759,5885,60.30
20,1083,HITECH,EQ,462577,287559,62.16
20,1084,HITECHCORP,EQ,3477,2603,74.86
20,1085,HLEGLAS,EQ,28853,13935,48.30
20,1086,HLVLTD,EQ,1240123,719091,57.99
20,1087,HMAAGRO,EQ,208404,92588,44.43
20,1088,HMVL,EQ,502969,179659,35.72
20,1089,HNDFDS,EQ,276746,110494,39.93
20,1090,HNGSNGBEES,EQ,251667,137874,54.78
20,1091,HOACFOODS,ST,1500,1500,100.00
20,1092,HOMEFIRST,EQ,308280,183642,59.57
20,1093,HOMESFY,SM,14100,13800,97.87
20,1094,HONASA,EQ,390161,151574,38.85
20,1095,HONAUT,EQ,9414,2727,28.97
20,1096,HONDAPOWER,EQ,1879,976,51.94
20,1097,HOVS,EQ,11116,6672,60.02
20,1098,HPAL,EQ,65928,35017,53.11
20,1099,HPIL,EQ,1370,907,66.20
20,1100,HPL,EQ,131361,62759,47.78
20,1101,HRHNEXT,ST,9000,9000,100.00
20,1102,HSCL,EQ,405053,154864,38.23
20,1103,HTMEDIA,EQ,369363,201382,54.52
20,1104,HUBTOWN,EQ,124291,90793,73.05
20,1105,HUDCO,EQ,44753735,11090300,24.78
20,1106,HUHTAMAKI,EQ,34873,17289,49.58
20,1107,HVAX,ST,3900,3900,100.00
20,1108,HYUNDAI,EQ,3536130,2825843,79.91
20,1109,IBLFL,ST,4000,4000,100.00
20,1110,ICEMAKE,EQ,26363,10472,39.72
20,1111,ICICIB22,EQ,501323,315280,62.89
20,1112,ICICIBANK,EQ,6176831,3759034,60.86
20,1113,ICICIGI,EQ,707120,444855,62.91
20,1114,ICICIPRULI,EQ,1011490,431535,42.66
20,1115,ICIL,EQ,248926,109605,44.03
20,1116,ICRA,EQ,915,317,34.64
20,1117,IDBI,EQ,3479890,1326364,38.12
20,1118,IDEA,EQ,384582320,86827832,22.58
20,1119,IDEAFORGE,EQ,165932,74392,44.83
20,1120,IDEALTECHO,SM,3000,3000,100.00
20,1121,IDFCFIRSTB,EQ,20092486,9133210,45.46
20,1122,IDFNIFTYET,EQ,397,326,82.12
20,1123,IEML,SM,3000,3000,100.00
20,1124,IEX,EQ,6074009,2117265,34.86
20,1125,IFBAGRO,EQ,12610,9492,75.27
20,1126,IFBIND,EQ,40163,19723,49.11
20,1127,IFCI,EQ,5682722,2192260,38.58
20,1128,IFGLEXPOR,EQ,5715,4065,71.13
20,1129,IGARASHI,EQ,25831,12457,48.23
20,1130,IGIL,EQ,1176432,659486,56.06
20,1131,IGL,EQ,2496868,474850,19.02
20,1132,IGPL,EQ,19481,12560,64.47
20,1133,IIFL,EQ,737611,331791,44.98
20,1134,IIFLCAPS,EQ,437069,212429,48.60
20,1135,IIFLZC26B,NY,55,55,100.00
20,1136,IIFLZC28,NG,1754,1754,100.00
20,1137,IIFLZC28A,NU,10,10,100.00
20,1138,IIFLZC28B,Y1,90,90,100.00
20,1139,IIFLZC28C,N6,13,13,100.00
20,1140,IKIO,EQ,89337,33730,37.76
20,1141,IKS,EQ,131649,52665,40.00
20,1142,IMAGICAA,EQ,397860,208826,52.49
20,1143,IMFA,EQ,81420,39779,48.86
20,1144,IMPAL,EQ,1246,894,71.75
20,1145,INCREDIBLE,EQ,1449,1335,92.13
20,1146,INDBANK,EQ,37576,20966,55.80
20,1147,INDGN,EQ,400288,254719,63.63
20,1148,INDHOTEL,EQ,4664849,2317066,49.67
20,1149,INDIACEM,EQ,615967,173366,28.15
20,1150,INDIAGLYCO,EQ,212428,60405,28.44
20,1151,INDIAMART,EQ,146972,35653,24.26
20,1152,INDIANB,EQ,1732837,685015,39.53
20,1153,INDIANHUME,EQ,22650,8896,39.28
20,1154,INDIASHLTR,EQ,73167,41266,56.40
20,1155,INDIFRA,SM,16000,6000,37.50
20,1156,INDIGO,EQ,787814,408541,51.86
20,1157,INDIGOPNTS,EQ,44829,13488,30.09
20,1158,INDIGRID,IV,182039,163736,89.95
20,1159,INDNIPPON,EQ,5780,3136,54.26
20,1160,INDOAMIN,EQ,87274,31826,36.47
20,1161,INDOBORAX,EQ,16531,9847,59.57
20,1162,INDOCO,EQ,46959,16462,35.06
20,1163,INDOFARM,EQ,742103,249473,33.62
20,1164,INDORAMA,EQ,55381,33960,61.32
20,1165,INDOSTAR,EQ,63005,37957,60.24
20,1166,INDOTECH,EQ,9884,8639,87.40
20,1167,INDOWIND,EQ,408249,202906,49.70
20,1168,INDRAMEDCO,EQ,176691,85472,48.37
20,1169,INDSWFTLAB,EQ,61047,48627,79.66
20,1170,INDTERRAIN,EQ,20237,8554,42.27
20,1171,INDUSINDBK,EQ,3655089,1905418,52.13
20,1172,INDUSINVIT,IV,34111,27124,79.52
20,1173,INDUSTOWER,EQ,4618051,1960631,42.46
20,1174,INFIBEAM,EQ,3237950,1547681,47.80
20,1175,INFINIUM,SM,500,500,100.00
20,1176,INFOBEAN,EQ,26946,18105,67.19
20,1177,INFOLLION,ST,11200,10400,92.86
20,1178,INFOMEDIA,EQ,10372,7348,70.84
20,1179,INFRABEES,EQ,18437,9845,53.40
20,1180,INFRAIETF,EQ,365489,286803,78.47
20,1181,INFY,EQ,4823228,2913963,60.42
20,1182,INGERRAND,EQ,10178,4585,45.05
20,1183,INM,SM,1800,1800,100.00
20,1184,INNOMET,SM,2400,1200,50.00
20,1185,INNOVACAP,EQ,41856,16770,40.07
20,1186,INNOVANA,EQ,13588,12063,88.78
20,1187,INOXGREEN,EQ,940446,220045,23.40
20,1188,INOXINDIA,EQ,82271,48167,58.55
20,1189,INOXWIND,EQ,12668023,2962403,23.38
20,1190,INSECTICID,EQ,30023,14748,49.12
20,1191,INSPIRE,SM,30000,28000,93.33
20,1192,INSPIRISYS,EQ,10333,5575,53.95
20,1193,INTELLECT,EQ,263935,56858,21.54
20,1194,INTENTECH,EQ,9031,4053,44.88
20,1195,INTERARCH,EQ,149900,46485,31.01
20,1196,INTLCONV,EQ,61590,33627,54.60
20,1197,INVENTURE,EQ,884410,500894,56.64
20,1198,IOB,EQ,3285887,1328997,40.45
20,1199,IOC,EQ,26047332,13880015,53.29
20,1200,IOLCP,EQ,139794,56010,40.07
20,1201,IONEXCHANG,EQ,208529,92655,44.43
20,1202,IPCALAB,EQ,189537,56195,29.65
20,1203,IPHL,ST,8400,8400,100.00
20,1204,IPL,EQ,121700,59294,48.72
20,1205,IPSL,SM,40000,39000,97.50
20,1206,IRB,EQ,28485556,7620459,26.75
20,1207,IRBINVIT,IV,229332,220719,96.24
20,1208,IRCON,EQ,11415365,2110693,18.49
20,1209,IRCTC,EQ,1830063,531661,29.05
20,1210,IREDA,EQ,10238691,3582150,34.99
20,1211,IRFC,EQ,36236290,8762068,24.18
20,1212,IRISDOREME,EQ,107884,23670,21.94
20,1213,IRMENERGY,EQ,21903,12249,55.92
20,1214,ISEC,EQ,62728,25677,40.93
20,1215,ISFT,EQ,18725,11243,60.04
20,1216,ISGEC,EQ,67188,23239,34.59
20,1217,ISHAN,SM,576000,432000,75.00
20,1218,IT,EQ,34472,17698,51.34
20,1219,ITBEES,EQ,2261227,1338561,59.20
20,1220,ITC,EQ,16991730,9627342,56.66
20,1221,ITDC,EQ,93434,26456,28.32
20,1222,ITDCEM,EQ,938890,698468,74.39
20,1223,ITETF,EQ,36731,15786,42.98
20,1224,ITETFADD,EQ,4494,2779,61.84
20,1225,ITIETF,EQ,2838422,2319530,81.72
20,1226,ITTL,ST,525,525,100.00
20,1227,IVC,EQ,170255,104996,61.67
20,1228,IVP,EQ,5443,3143,57.74
20,1229,IVZINGOLD,EQ,286,232,81.12
20,1230,IVZINNIFTY,EQ,13,12,92.31
20,1231,IWEL,EQ,7742,4770,61.61
20,1232,IXIGO,EQ,659136,218663,33.17
20,1233,JAGRAN,EQ,62439,42264,67.69
20,1234,JAGSNPHARM,EQ,564282,126699,22.45
20,1235,JAIBALAJI,EQ,169578,98570,58.13
20,1236,JAICORPLTD,EQ,1368170,529439,38.70
20,1237,JAIPURKURT,EQ,714249,370170,51.83
20,1238,JAKHARIA,ST,800,800,100.00
20,1239,JAMNAAUTO,EQ,637622,302331,47.42
20,1240,JASH,EQ,202448,92214,45.55
20,1241,JAYAGROGN,EQ,5781,3988,68.98
20,1242,JAYBARMARU,EQ,35216,22310,63.35
20,1243,JAYBEE,ST,43000,37000,86.05
20,1244,JAYNECOIND,EQ,34984,19242,55.00
20,1245,JAYSREETEA,EQ,37756,16776,44.43
20,1246,JBCHEPHARM,EQ,53251,26081,48.98
20,1247,JBMA,EQ,291963,134282,45.99
20,1248,JCHAC,EQ,25586,14119,55.18
20,1249,JEYYAM,SM,50000,46000,92.00
20,1250,JGCHEM,EQ,180897,81406,45.00
20,1251,JHS,EQ,62873,45736,72.74
20,1252,JINDALPHOT,EQ,3216,2031,63.15
20,1253,JINDALPOLY,EQ,50255,22335,44.44
20,1254,JINDALSAW,EQ,1267676,388481,30.65
20,1255,JINDALSTEL,EQ,7785004,3684377,47.33
20,1256,JINDRILL,EQ,625818,225194,35.98
20,1257,JINDWORLD,EQ,753855,188759,25.04
20,1258,JIOFIN,EQ,15183090,7170790,47.23
20,1259,JISLDVREQS,EQ,24565,6036,24.57
20,1260,JISLJALEQS,EQ,3252932,1622530,49.88
20,1261,JITFINFRA,EQ,91063,43089,47.32
20,1262,JIWANRAM,ST,30000,24000,80.00
20,1263,J&KBANK,EQ,2607838,1228692,47.12
20,1264,JKCEMENT,EQ,113153,48964,43.27
20,1265,JKIL,EQ,135111,61882,45.80
20,1266,JKLAKSHMI,EQ,66367,29272,44.11
20,1267,JKPAPER,EQ,140203,41535,29.62
20,1268,JKTYRE,EQ,495658,240374,48.50
20,1269,JLHL,EQ,115883,87353,75.38
20,1270,JMA,EQ,8134,4799,59.00
20,1271,JMFINANCIL,EQ,2937078,870291,29.63
20,1272,JNKINDIA,EQ,23928,14528,60.72
20,1273,JOCIL,EQ,3134,1954,62.35
20,1274,JPOLYINVST,EQ,4359,2212,50.75
20,1275,JPPOWER,EQ,51949066,19164926,36.89
20,1276,JSFB,EQ,180346,78435,43.49
20,1277,JSL,EQ,2710741,1380518,50.93
20,1278,JSLL,SM,15570,10260,65.90
20,1279,JSWENERGY,EQ,12724924,7078960,55.63
20,1280,JSWINFRA,EQ,1147743,528661,46.06
20,1281,JSWSTEEL,EQ,1130056,372182,32.93
20,1282,JTEKTINDIA,EQ,79797,35193,44.10
20,1283,JTLIND,EQ,965551,574140,59.46
20,1284,JUBLFOOD,EQ,3667288,1644883,44.85
20,1285,JUBLINGREA,EQ,1198511,270876,22.60
20,1286,JUBLPHARMA,EQ,141591,52716,37.23
20,1287,JUNIORBEES,EQ,479375,221483,46.20
20,1288,JUNIPER,EQ,143433,75390,52.56
20,1289,JUSTDIAL,EQ,143760,54750,38.08
20,1290,JWL,EQ,10836115,1940429,17.91
20,1291,JYOTHYLAB,EQ,852987,428989,50.29
20,1292,JYOTICNC,EQ,385404,125273,32.50
20,1293,JYOTISTRUC,EQ,14604451,7033918,48.16
20,1294,K2INFRA,ST,41400,39600,95.65
20,1295,KABRAEXTRU,EQ,46361,22692,48.95
20,1296,KAJARIACER,EQ,157517,94994,60.31
20,1297,KAKATCEM,EQ,2356,1382,58.66
20,1298,KALAMANDIR,EQ,408303,211425,51.78
20,1299,KALANA,SM,12000,8000,66.67
20,1300,KALYANKJIL,EQ,22726079,2300121,10.12
20,1301,KAMATHOTEL,EQ,829430,437630,52.76
20,1302,KAMDHENU,EQ,780531,189854,24.32
20,1303,KANANIIND,EQ,206998,140825,68.03
20,1304,KANDARP,ST,4000,4000,100.00
20,1305,KANORICHEM,EQ,7770,4996,64.30
20,1306,KANPRPLA,EQ,1576,1106,70.18
20,1307,KANSAINER,EQ,813201,339189,41.71
20,1308,KAPSTON,EQ,2015,1557,77.27
20,1309,KARMAENG,EQ,4518,3689,81.65
20,1310,KARURVYSYA,EQ,627615,270815,43.15
20,1311,KATARIA,ST,4200,4200,100.00
20,1312,KAUSHALYA,EQ,625,410,65.60
20,1313,KAYA,EQ,9966,7680,77.06
20,1314,KAYNES,EQ,1087215,258276,23.76
20,1315,KCEIL,ST,50500,46000,91.09
20,1316,KCP,EQ,144084,64881,45.03
20,1317,KCPSUGIND,EQ,77622,46749,60.23
20,1318,KDDL,EQ,8736,4929,56.42
20,1319,KDL,ST,6150,6150,100.00
20,1320,KEC,EQ,665541,266583,40.06
20,1321,KECL,EQ,105577,51062,48.36
20,1322,KEI,EQ,192921,70944,36.77
20,1323,KEL,SM,3600,3600,100.00
20,1324,KELLTONTEC,EQ,655438,227201,34.66
20,1325,KESORAMIND,EQ,239665,66941,27.93
20,1326,KEYFINSERV,EQ,1682,912,54.22
20,1327,KFINTECH,EQ,502625,292767,58.25
20,1328,KHADIM,EQ,38710,9741,25.16
20,1329,KHAICHEM,EQ,63438,27964,44.08
20,1330,KHAITANLTD,EQ,15592,5913,37.92
20,1331,KHANDSE,EQ,2708,1590,58.71
20,1332,KHFM,SM,20150,18600,92.31
20,1333,KICL,EQ,1260,672,53.33
20,1334,KILITCH,EQ,2930,1739,59.35
20,1335,KIMS,EQ,1040060,769048,73.94
20,1336,KINGFA,EQ,5490,2622,47.76
20,1337,KIOCL,EQ,112267,29543,26.31
20,1338,KIRIINDUS,EQ,382182,170595,44.64
20,1339,KIRLOSBROS,EQ,174545,52747,30.22
20,1340,KIRLOSENG,EQ,161294,100159,62.10
20,1341,KIRLOSIND,EQ,1619,666,41.14
20,1342,KIRLPNU,EQ,406817,325753,80.07
20,1343,KKCL,EQ,25219,14337,56.85
20,1344,KKJEWELS,ST,166000,164000,98.80
20,1345,KLL,SM,4800,4000,83.33
20,1346,KMEW,EQ,14311,7972,55.71
20,1347,KMSUGAR,EQ,49406,30434,61.60
20,1348,KNAGRI,SM,3200,2400,75.00
20,1349,KNRCON,EQ,1040746,448296,43.07
20,1350,KODYTECH,SM,13900,7700,55.40
20,1351,KOHINOOR,EQ,97252,47524,48.87
20,1352,KOKUYOCMLN,EQ,8883,4471,50.33
20,1353,KOLTEPATIL,EQ,158363,82779,52.27
20,1354,KONSTELEC,ST,14000,14000,100.00
20,1355,KONTOR,SM,6000,4800,80.00
20,1356,KORE,ST,4500,4500,100.00
20,1357,KOTAKBANK,EQ,3319808,2708150,81.58
20,1358,KOTARISUG,EQ,56490,32003,56.65
20,1359,KOTHARIPET,EQ,27268,13742,50.40
20,1360,KOTYARK,ST,14200,13500,95.07
20,1361,KPEL,EQ,605770,192608,31.80
20,1362,KPIGREEN,EQ,329847,312630,94.78
20,1363,KPIL,EQ,362459,245933,67.85
20,1364,KPITTECH,EQ,828289,372540,44.98
20,1365,KPRMILL,EQ,999109,135337,13.55
20,1366,KRBL,EQ,242631,97131,40.03
20,1367,KRISHANA,EQ,25228,17720,70.24
20,1368,KRISHCA,SM,36000,23500,65.28
20,1369,KRISHNADEF,SM,46750,35500,75.94
20,1370,KRITI,EQ,35221,27052,76.81
20,1371,KRITINUT,EQ,24328,12706,52.23
20,1372,KRN,EQ,3867877,643808,16.64
20,1373,KRONOX,EQ,82468,38797,47.04
20,1374,KROSS,EQ,105039,52656,50.13
20,1375,KRSNAA,EQ,35286,15514,43.97
20,1376,KRYSTAL,EQ,26855,15930,59.32
20,1377,KSB,EQ,147749,75646,51.20
20,1378,KSCL,EQ,197963,51290,25.91
20,1379,KSL,EQ,226583,126610,55.88
20,1380,KSOLVES,EQ,29494,15011,50.90
20,1381,KTKBANK,EQ,2264975,1542068,68.08
20,1382,KTL,ST,12000,12000,100.00
20,1383,KUANTUM,EQ,25284,19951,78.91
20,1384,LAGNAM,EQ,11090,5796,52.26
20,1385,LAKSHYA,SM,12800,8800,68.75
20,1386,LALPATHLAB,EQ,139251,68756,49.38
20,1387,LANCORHOL,EQ,33531,16657,49.68
20,1388,LANDMARK,EQ,126871,107199,84.49
20,1389,LAOPALA,EQ,84843,37411,44.09
20,1390,LASA,EQ,32585,17777,54.56
20,1391,LATENTVIEW,EQ,150451,80252,53.34
20,1392,LAURUSLABS,EQ,1648186,668455,40.56
20,1393,LAWSIKHO,SM,8000,7000,87.50
20,1394,LAXMICOT,EQ,6643,4614,69.46
20,1395,LAXMIDENTL,EQ,678604,88520,13.04
20,1396,LEMERITE,ST,7200,6400,88.89
20,1397,LEMONTREE,EQ,4361491,1261787,28.93
20,1398,LEXUS,EQ,6276,4227,67.35
20,1399,LFIC,EQ,1328,794,59.79
20,1400,LGBBROSLTD,EQ,25146,17886,71.13
20,1401,LIBAS,EQ,9990,8920,89.29
20,1402,LIBERTSHOE,EQ,139920,28640,20.47
20,1403,LICHSGFIN,EQ,3721631,1455189,39.10
20,1404,LICI,EQ,948970,257209,27.10
20,1405,LICMFGOLD,EQ,1562,1460,93.47
20,1406,LICNETFGSC,EQ,111646,110677,99.13
20,1407,LICNETFN50,EQ,2241,2010,89.69
20,1408,LICNETFSEN,EQ,84,52,61.90
20,1409,LICNFNHGP,EQ,2786,2108,75.66
20,1410,LICNMID100,EQ,2700,1614,59.78
20,1411,LIKHITHA,EQ,46199,28355,61.38
20,1412,LINC,EQ,19239,13578,70.58
20,1413,LINCOLN,EQ,29798,15892,53.33
20,1414,LINDEINDIA,EQ,16888,6810,40.32
20,1415,LIQUID,EQ,1444476,1348091,93.33
20,1416,LIQUID1,EQ,557186,507059,91.00
20,1417,LIQUIDADD,EQ,1697931,1430165,84.23
20,1418,LIQUIDBEES,EQ,4219952,2782434,65.94
20,1419,LIQUIDBETF,EQ,292561,231871,79.26
20,1420,LIQUIDCASE,EQ,11121747,7717799,69.39
20,1421,LIQUIDETF,EQ,191173,118247,61.85
20,1422,LIQUIDIETF,EQ,777853,495266,63.67
20,1423,LIQUIDPLUS,EQ,11302,9697,85.80
20,1424,LIQUIDSBI,EQ,1562,1165,74.58
20,1425,LIQUIDSHRI,EQ,7675,4169,54.32
20,1426,LLOYDSENGG,EQ,3010973,1144869,38.02
20,1427,LLOYDSENT,EQ,2082535,1112615,53.43
20,1428,LLOYDSME,EQ,521974,289494,55.46
20,1429,LMW,EQ,2845,576,20.25
20,1430,LODHA,EQ,2093414,1084447,51.80
20,1431,LOKESHMACH,EQ,29930,15866,53.01
20,1432,LOTUSEYE,EQ,4967,3874,77.99
20,1433,LOVABLE,EQ,10344,6004,58.04
20,1434,LOWVOL,EQ,552,495,89.67
20,1435,LOWVOL1,EQ,235203,230241,97.89
20,1436,LOWVOLIETF,EQ,875244,755399,86.31
20,1437,LRRPL,ST,16500,12000,72.73
20,1438,LT,EQ,6077580,4171335,68.63
20,1439,LTF,EQ,5940050,2134405,35.93
20,1440,LTFOODS,EQ,513321,222229,43.29
20,1441,LTGILTBEES,EQ,2170215,1775392,81.81
20,1442,LTIM,EQ,315896,170514,53.98
20,1443,LTTS,EQ,175780,80946,46.05
20,1444,LUMAXIND,EQ,2248,1144,50.89
20,1445,LUMAXTECH,EQ,60205,28190,46.82
20,1446,LUPIN,EQ,849366,348259,41.00
20,1447,LUXIND,EQ,74731,22511,30.12
20,1448,LXCHEM,EQ,308045,117677,38.20
20,1449,LYKALABS,EQ,59792,31024,51.89
20,1450,LYPSAGEMS,EQ,52982,34403,64.93
20,1451,MACPOWER,EQ,15494,8595,55.47
20,1452,MADHAV,EQ,17677,4301,24.33
20,1453,MADHAVBAUG,SM,800,800,100.00
20,1454,MADHUCON,EQ,105186,77643,73.81
20,1455,MADHUSUDAN,SM,7000,5000,71.43
20,1456,MADRASFERT,EQ,139366,57248,41.08
20,1457,MAFANG,EQ,604556,364334,60.26
20,1458,MAGADSUGAR,EQ,2123,873,41.12
20,1459,MAGNUM,EQ,32640,23275,71.31
20,1460,MAGSON,SM,64000,46000,71.88
20,1461,MAHABANK,EQ,7185433,2861513,39.82
20,1462,MAHAPEXLTD,EQ,15198,7989,52.57
20,1463,MAHESHWARI,EQ,26105,6732,25.79
20,1464,MAHKTECH,EQ,1228338,822101,66.93
20,1465,MAHLIFE,EQ,221205,100810,45.57
20,1466,MAHLOG,EQ,29654,14197,47.88
20,1467,MAHSCOOTER,EQ,17864,10096,56.52
20,1468,MAHSEAMLES,EQ,163391,69272,42.40
20,1469,MAITHANALL,EQ,23975,15084,62.92
20,1470,MAITREYA,ST,4000,3200,80.00
20,1471,MAKEINDIA,EQ,29293,25066,85.57
20,1472,MAL,SM,22400,22400,100.00
20,1473,MALLCOM,EQ,2700,1551,57.44
20,1474,MALUPAPER,EQ,3263,2243,68.74
20,1475,MAMATA,EQ,223177,58052,26.01
20,1476,MANAKALUCO,EQ,10026,5747,57.32
20,1477,MANAKSIA,EQ,39815,28163,70.73
20,1478,MANAKSTEEL,EQ,11911,5246,44.04
20,1479,MANALIPETC,EQ,209787,122727,58.50
20,1480,MANAPPURAM,EQ,3605096,810450,22.48
20,1481,MANBA,EQ,83809,46669,55.68
20,1482,MANCREDIT,EQ,40109,13303,33.17
20,1483,MANDEEP,SM,14000,8000,57.14
20,1484,MANGALAM,EQ,24487,12891,52.64
20,1485,MANGCHEFER,EQ,274575,158436,57.70
20,1486,MANGLMCEM,EQ,52370,23170,44.24
20,1487,MANINDS,EQ,115056,54052,46.98
20,1488,MANINFRA,EQ,1535434,344733,22.45
20,1489,MANKIND,EQ,449097,217458,48.42
20,1490,MANOMAY,EQ,4618,1759,38.09
20,1491,MANORAMA,EQ,35909,23579,65.66
20,1492,MANORG,EQ,1434,1203,83.89
20,1493,MANUGRAPH,EQ,9469,7754,81.89
20,1494,MANYAVAR,EQ,257868,87983,34.12
20,1495,MAPMYINDIA,EQ,86311,41725,48.34
20,1496,MARALOVER,EQ,33246,14958,44.99
20,1497,MARATHON,EQ,66167,33018,49.90
20,1498,MARCO,SM,9000,4500,50.00
20,1499,MARICO,EQ,2367737,1200354,50.70
20,1500,MARINETRAN,ST,4000,4000,100.00
20,1501,MARKSANS,EQ,746335,257455,34.50
20,1502,MARUTI,EQ,926127,567185,61.24
20,1503,MASFIN,EQ,124265,56205,45.23
20,1504,MASON,ST,7000,7000,100.00
20,1505,MASPTOP50,EQ,517896,317605,61.33
20,1506,MASTEK,EQ,66222,33959,51.28
20,1507,MASTERTR,EQ,19967,9828,49.22
20,1508,MATRIMONY,EQ,8560,5790,67.64
20,1509,MAWANASUG,EQ,41322,19256,46.60
20,1510,MAXESTATES,EQ,68048,29411,43.22
20,1511,MAXHEALTH,EQ,2635417,1520881,57.71
20,1512,MAXIND,EQ,29787,17283,58.02
20,1513,MAXPOSURE,SM,30000,28000,93.33
20,1514,MAYURUNIQ,EQ,34968,17171,49.10
20,1515,MAZDOCK,EQ,3309775,773676,23.38
20,1516,MBAPL,EQ,28335,12167,42.94
20,1517,MBLINFRA,EQ,196678,38158,19.40
20,1518,MCX,EQ,199882,82426,41.24
20,1519,MDL,SM,1000,1000,100.00
20,1520,MEDANTA,EQ,193154,97711,50.59
20,1521,MEDIASSIST,EQ,68246,30550,44.76
20,1522,MEDICAMEQ,EQ,13306,9210,69.22
20,1523,MEDICO,EQ,1297316,521361,40.19
20,1524,MEDIORG,SM,16000,16000,100.00
20,1525,MEDPLUS,EQ,229334,118640,51.73
20,1526,MEGASTAR,EQ,5251,2453,46.71
20,1527,MEGATHERM,SM,20800,15600,75.00
20,1528,MENONBE,EQ,30577,18367,60.07
20,1529,METAL,EQ,503140,367731,73.09
20,1530,METALIETF,EQ,3711483,1858387,50.07
20,1531,METROBRAND,EQ,1219484,189918,15.57
20,1532,METROPOLIS,EQ,89278,42632,47.75
20,1533,MFSL,EQ,1075095,787284,73.23
20,1534,MGEL,EQ,650793,225319,34.62
20,1535,MGL,EQ,537164,124897,23.25
20,1536,MHHL,ST,1500,1500,100.00
20,1537,MHRIL,EQ,171859,56461,32.85
20,1538,MICEL,EQ,281546,176214,62.59
20,1539,MICROPRO,SM,3200,3200,100.00
20,1540,MID150BEES,EQ,485882,315832,65.00
20,1541,MID150CASE,EQ,921842,707237,76.72
20,1542,MIDCAP,EQ,31172,14474,46.43
20,1543,MIDCAPETF,EQ,1465713,1063069,72.53
20,1544,MIDCAPIETF,EQ,504062,267609,53.09
20,1545,MIDHANI,EQ,566684,190524,33.62
20,1546,MIDQ50ADD,EQ,2356,1904,80.81
20,1547,MIDSELIETF,EQ,171336,115603,67.47
20,1548,MIDSMALL,EQ,353099,338815,95.95
20,1549,MIEL,ST,4000,4000,100.00
20,1550,MINDACORP,EQ,226088,80255,35.50
20,1551,MINDSPACE,RR,252696,249359,98.68
20,1552,MINDTECK,EQ,25521,12049,47.21
20,1553,MIRCELECTR,EQ,405309,238328,58.80
20,1554,MIRZAINT,EQ,7265126,1708025,23.51
20,1555,MITCON,EQ,6566,2563,39.03
20,1556,MITCONPP,E1,2111,702,33.25
20,1557,MITTAL,EQ,2227300,1423650,63.92
20,1558,MKPL,EQ,171739,97864,56.98
20,1559,M&M,EQ,3664084,2033630,55.50
20,1560,M&MFIN,EQ,1842708,524993,28.49
20,1561,MMFL,EQ,52616,38528,73.22
20,1562,MMP,EQ,29198,22270,76.27
20,1563,MMTC,EQ,628794,221234,35.18
20,1564,MNC,EQ,24219,18393,75.94
20,1565,MOBIKWIK,EQ,4053301,267171,6.59
20,1566,MODEFENCE,EQ,1238560,903469,72.95
20,1567,MODIRUBBER,EQ,2370,564,23.80
20,1568,MODISONLTD,EQ,16619,9198,55.35
20,1569,MOGSEC,EQ,21445,21269,99.18
20,1570,MOHEALTH,EQ,46055,25177,54.67
20,1571,MOIL,EQ,2165349,542552,25.06
20,1572,MOKSH,EQ,276179,203906,73.83
20,1573,MOL,EQ,589493,260280,44.15
20,1574,MOLDTECH,EQ,28401,13276,46.74
20,1575,MOLDTKPAC,EQ,29141,13017,44.67
20,1576,MOLOWVOL,EQ,9929,7220,72.72
20,1577,MOM100,EQ,481700,274409,56.97
20,1578,MOM30IETF,EQ,661740,393574,59.48
20,1579,MOM50,EQ,2059,1610,78.19
20,1580,MOMENTUM,EQ,86190,61544,71.41
20,1581,MOMENTUM50,EQ,287273,166097,57.82
20,1582,MOMOMENTUM,EQ,133596,107060,80.14
20,1583,MON100,EQ,704336,421812,59.89
20,1584,MONARCH,EQ,145969,68363,46.83
20,1585,MONIFTY500,EQ,119233,94097,78.92
20,1586,MONOPHARMA,SM,4000,4000,100.00
20,1587,MONQ50,EQ,65708,41671,63.42
20,1588,MONTECARLO,EQ,9526,3977,41.75
20,1589,MOQUALITY,EQ,3228,1806,55.95
20,1590,MOREALTY,EQ,207833,121098,58.27
20,1591,MOREPENLAB,EQ,2253796,859744,38.15
20,1592,MOSMALL250,EQ,846508,547778,64.71
20,1593,MOTHERSON,EQ,45653240,23103719,50.61
20,1594,MOTILALOFS,EQ,2457939,800152,32.55
20,1595,MOTISONS,EQ,2333611,1304459,55.90
20,1596,MOTOGENFIN,EQ,13190,9246,70.10
20,1597,MOVALUE,EQ,82626,58736,71.09
20,1598,MOXSH,SM,6400,6400,100.00
20,1599,MPHASIS,EQ,606662,345132,56.89
20,1600,MPSLTD,EQ,24353,8898,36.54
20,1601,MPTODAY,SM,2000,2000,100.00
20,1602,MRF,EQ,4291,1151,26.82
20,1603,MRO-TEK,EQ,6496,5454,83.96
20,1604,MRPL,EQ,1477953,621531,42.05
20,1605,MSPL,EQ,260197,176206,67.72
20,1606,MSTCLTD,EQ,136078,67093,49.30
20,1607,MSUMI,EQ,3058677,1822718,59.59
20,1608,MTARTECH,EQ,81211,22555,27.77
20,1609,MTNL,EQ,2116248,600657,28.38
20,1610,MUFIN,EQ,99742,70212,70.39
20,1611,MUFTI,EQ,174593,101050,57.88
20,1612,MUKANDLTD,EQ,64637,33426,51.71
20,1613,MUKKA,EQ,857927,252442,29.42
20,1614,MUKTAARTS,EQ,5426,2591,47.75
20,1615,MULTICAP,EQ,222132,122745,55.26
20,1616,MUNJALAU,EQ,86887,32020,36.85
20,1617,MUNJALSHOW,EQ,35296,20675,58.58
20,1618,MURUDCERA,EQ,21902,14355,65.54
20,1619,MUTHOOTCAP,EQ,59894,41540,69.36
20,1620,MUTHOOTFIN,EQ,323920,166980,51.55
20,1621,MUTHOOTMF,EQ,107786,62496,57.98
20,1622,MVGJL,EQ,189484,73591,38.84
20,1623,MVKAGRO,SM,3600,3600,100.00
20,1624,MWL,SM,6000,6000,100.00
20,1625,MYMUDRA,ST,15600,15600,100.00
20,1626,NACLIND,EQ,155065,72317,46.64
20,1627,NAGAFERT,EQ,421093,176784,41.98
20,1628,NAGREEKEXP,EQ,20686,10167,49.15
20,1629,NAHARCAP,EQ,9711,4265,43.92
20,1630,NAHARINDUS,EQ,9969,5725,57.43
20,1631,NAHARPOLY,EQ,16613,9968,60.00
20,1632,NAHARSPING,EQ,27377,12201,44.57
20,1633,NAMAN,ST,8000,8000,100.00
20,1634,NAM-INDIA,EQ,794591,468641,58.98
20,1635,NAMOEWASTE,ST,20800,16000,76.92
20,1636,NATCOPHARM,EQ,319605,155070,48.52
20,1637,NATHBIOGEN,EQ,16046,10330,64.38
20,1638,NATIONALUM,EQ,11481173,3717910,32.38
20,1639,NAUKRI,EQ,226196,116850,51.66
20,1640,NAVA,EQ,324608,159882,49.25
20,1641,NAVINFLUOR,EQ,484432,151294,31.23
20,1642,NAVKARCORP,EQ,473038,234389,49.55
20,1643,NAVNETEDUL,EQ,183740,88803,48.33
20,1644,NAZARA,EQ,119203,49284,41.34
20,1645,NBCC,EQ,12814367,3662587,28.58
20,1646,NCC,EQ,12891416,4312060,33.45
20,1647,NCLIND,EQ,41870,27998,66.87
20,1648,NDL,EQ,1508358,893292,59.22
20,1649,NDLVENTURE,EQ,18969,6999,36.90
20,1650,NDRAUTO,EQ,16213,8580,52.92
20,1651,NDTV,EQ,55487,28348,51.09
20,1652,NECCLTD,EQ,170035,55050,32.38
20,1653,NEELAM,ST,18000,18000,100.00
20,1654,NELCAST,EQ,34469,18712,54.29
20,1655,NELCO,EQ,46034,17341,37.67
20,1656,NEOGEN,EQ,275923,49436,17.92
20,1657,NEPHROCARE,SM,4400,2800,63.64
20,1658,NESCO,EQ,42587,19218,45.13
20,1659,NESTLEIND,EQ,1140871,569728,49.94
20,1660,NETF,EQ,1227,1064,86.72
20,1661,NETWEB,EQ,208499,98435,47.21
20,1662,NETWORK18,EQ,2236730,1019924,45.60
20,1663,NEULANDLAB,EQ,15076,6607,43.82
20,1664,NEWGEN,EQ,389845,174674,44.81
20,1665,NEWJAISA,SM,31500,30000,95.24
20,1666,NEXT50,EQ,15256,10809,70.85
20,1667,NEXT50IETF,EQ,1340966,1028575,76.70
20,1668,NFL,EQ,1978791,576745,29.15
20,1669,NGIL,EQ,85258,5525,6.48
20,1670,NGILPP1,E1,9,6,66.67
20,1671,NGLFINE,EQ,4387,2735,62.34
20,1672,NH,EQ,500896,348273,69.53
20,1673,NHIT,IV,50000,50000,100.00
20,1674,NHPC,EQ,25412024,10076212,39.65
20,1675,NIACL,EQ,561665,176351,31.40
20,1676,NIDAN,SM,10000,7000,70.00
20,1677,NIF100BEES,EQ,32792,21660,66.05
20,1678,NIF100IETF,EQ,108663,65971,60.71
20,1679,NIF10GETF,EQ,6473,5837,90.17
20,1680,NIF5GETF,EQ,866,827,95.50
20,1681,NIFITETF,EQ,107,80,74.77
20,1682,NIFMID150,EQ,2415,2022,83.73
20,1683,NIFTY1,EQ,27755,17046,61.42
20,1684,NIFTY50ADD,EQ,7484,5633,75.27
20,1685,NIFTYBEES,EQ,4023172,2435682,60.54
20,1686,NIFTYBETF,EQ,2095,1617,77.18
20,1687,NIFTYETF,EQ,42814,24246,56.63
20,1688,NIFTYIETF,EQ,386805,231795,59.93
20,1689,NIFTYQLITY,EQ,75612,50853,67.26
20,1690,NIITLTD,EQ,1197785,480243,40.09
20,1691,NIITMTS,EQ,93072,60011,64.48
20,1692,NILAINFRA,EQ,705971,419972,59.49
20,1693,NILKAMAL,EQ,1266,815,64.38
20,1694,NINSYS,EQ,13669,7706,56.38
20,1695,NIPPOBATRY,EQ,3776,2789,73.86
20,1696,NIRAJ,EQ,14613,7747,53.01
20,1697,NIRMAN,SM,35100,24300,69.23
20,1698,NITINSPIN,EQ,76897,36366,47.29
20,1699,NITIRAJ,EQ,2466,1620,65.69
20,1700,NIVABUPA,EQ,1332577,503044,37.75
20,1701,NLCINDIA,EQ,1131038,473116,41.83
20,1702,NMDC,EQ,22975253,7837301,34.11
20,1703,NMSTEEL,ST,16000,14400,90.00
20,1704,NOCIL,EQ,117290,51487,43.90
20,1705,NORTHARC,EQ,120821,68799,56.94
20,1706,NOVAAGRI,EQ,218197,99664,45.68
20,1707,NPBET,EQ,511,407,79.65
20,1708,NPST,SM,31150,25800,82.83
20,1709,NRAIL,EQ,2724,2009,73.75
20,1710,NRBBEARING,EQ,59982,36023,60.06
20,1711,NRL,EQ,50973,30243,59.33
20,1712,NSIL,EQ,6682,3460,51.78
20,1713,NSLNISP,EQ,3059263,1037604,33.92
20,1714,NTPC,EQ,15881217,8715699,54.88
20,1715,NTPCGREEN,EQ,5481362,2434956,44.42
20,1716,NUCLEUS,EQ,20759,10623,51.17
20,1717,NUVAMA,EQ,128643,50380,39.16
20,1718,NUVOCO,EQ,124584,58761,47.17
20,1719,NV20,EQ,21693,14184,65.39
20,1720,NV20BEES,EQ,36748,20397,55.51
20,1721,NV20IETF,EQ,801056,441567,55.12
20,1722,NXST,RR,126578,104781,82.78
20,1723,NYKAA,EQ,28860935,13100476,45.39
20,1724,OAL,EQ,21746,13986,64.32
20,1725,OBCL,EQ,67807,66611,98.24
20,1726,OBEROIRLTY,EQ,668940,254641,38.07
20,1727,OBSCP,ST,116400,114000,97.94
20,1728,OCCL,EQ,12684,5776,45.54
20,1729,OCCLLTD,EQ,181178,126117,69.61
20,1730,OFSS,EQ,146156,47864,32.75
20,1731,OIL,EQ,2667713,1199643,44.97
20,1732,OILCOUNTUB,EQ,73068,59174,80.98
20,1733,OILIETF,EQ,3995825,3186700,79.75
20,1734,OLAELEC,EQ,45904119,8834826,19.25
20,1735,OLECTRA,EQ,716314,191604,26.75
20,1736,OLIL,SM,16800,10800,64.29
20,1737,OMAXAUTO,EQ,13736,7178,52.26
20,1738,OMAXE,EQ,121786,74816,61.43
20,1739,OMFURN,ST,2400,2400,100.00
20,1740,OMINFRAL,EQ,65757,28349,43.11
20,1741,ONDOOR,ST,300,300,100.00
20,1742,ONELIFECAP,EQ,5953,3584,60.20
20,1743,ONEPOINT,EQ,489080,297750,60.88
20,1744,ONGC,EQ,25719512,16543347,64.32
20,1745,ONMOBILE,EQ,1381963,469971,34.01
20,1746,ONWARDTEC,EQ,76001,42763,56.27
20,1747,OPTIEMUS,EQ,152274,102361,67.22
20,1748,ORCHPHARMA,EQ,164868,119040,72.20
20,1749,ORIANA,SM,57075,38475,67.41
20,1750,ORICONENT,EQ,169621,89604,52.83
20,1751,ORIENTALTL,EQ,150037,48311,32.20
20,1752,ORIENTBELL,EQ,15200,12964,85.29
20,1753,ORIENTCEM,EQ,313966,204623,65.17
20,1754,ORIENTCER,EQ,35295,15492,43.89
20,1755,ORIENTELEC,EQ,881555,417370,47.34
20,1756,ORIENTHOT,EQ,339120,167679,49.45
20,1757,ORIENTPPR,EQ,192557,89542,46.50
20,1758,ORIENTTECH,EQ,590271,215383,36.49
20,1759,ORISSAMINE,EQ,2780,1103,39.68
20,1760,ORTINGLOBE,EQ,3121,2202,70.55
20,1761,OSELDEVICE,ST,9600,9600,100.00
20,1762,OSWALAGRO,EQ,55032,34484,62.66
20,1763,OSWALGREEN,EQ,110634,54798,49.53
20,1764,OWAIS,SM,16600,12200,73.49
20,1765,PAGEIND,EQ,23382,8765,37.49
20,1766,PAISALO,EQ,954712,546632,57.26
20,1767,PAKKA,EQ,118147,68322,57.83
20,1768,PALASHSECU,EQ,6253,3490,55.81
20,1769,PANACEABIO,EQ,181337,90498,49.91
20,1770,PANAMAPET,EQ,49583,35766,72.13
20,1771,PANSARI,EQ,3091,2270,73.44
20,1772,PARACABLES,EQ,5518598,1980380,35.89
20,1773,PARADEEP,EQ,4605783,1481887,32.17
20,1774,PARAGMILK,EQ,1785618,471064,26.38
20,1775,PARAGON,ST,7200,7200,100.00
20,1776,PARAMATRIX,SM,1200,1200,100.00
20,1777,PARAMOUNT,SM,7200,7200,100.00
20,1778,PARAS,EQ,288047,103956,36.09
20,1779,PARASPETRO,EQ,145290,92147,63.42
20,1780,PARIN,ST,2000,2000,100.00
20,1781,PARKHOTELS,EQ,554366,244053,44.02
20,1782,PARTYCRUS,SM,35000,29000,82.86
20,1783,PASHUPATI,ST,8600,8600,100.00
20,1784,PASUPTAC,EQ,74663,55239,73.98
20,1785,PATANJALI,EQ,1112287,340457,30.61
20,1786,PATELENG,EQ,1752419,822399,46.93
20,1787,PATINTLOG,EQ,80913,41052,50.74
20,1788,PAVNAIND,EQ,4334,2154,49.70
20,1789,PAYTM,EQ,9834517,2545001,25.88
20,1790,PCBL,EQ,3013805,957894,31.78
20,1791,PCCL,SM,5200,4800,92.31
20,1792,PCJEWELLER,EQ,7606706,4276053,56.21
20,1793,PDMJEPAPER,EQ,138584,101594,73.31
20,1794,PDSL,EQ,49646,30756,61.95
20,1795,PEARLPOLY,EQ,11799,7685,65.13
20,1796,PEL,EQ,616480,253175,41.07
20,1797,PELATRO,ST,3600,3600,100.00
20,1798,PENIND,EQ,503070,253945,50.48
20,1799,PENINLAND,EQ,410059,245195,59.80
20,1800,PENTAGON,SM,2000,2000,100.00
20,1801,PERFECT,ST,33000,33000,100.00
20,1802,PERSISTENT,EQ,557306,212236,38.08
20,1803,PETRONET,EQ,1667706,936089,56.13
20,1804,PFC,EQ,12764889,5425177,42.50
20,1805,PFIZER,EQ,24868,10853,43.64
20,1806,PFOCUS,EQ,17313,7131,41.19
20,1807,PFS,EQ,885135,476697,53.86
20,1808,PGEL,EQ,1267944,484878,38.24
20,1809,PGHH,EQ,5545,3660,66.01
20,1810,PGHL,EQ,4445,1953,43.94
20,1811,PGIL,EQ,124120,94184,75.88
20,1812,PGINVIT,IV,1898529,1754416,92.41
20,1813,PHANTOMFX,ST,6000,6000,100.00
20,1814,PHARMABEES,EQ,1807030,997352,55.19
20,1815,PHOENIXLTD,EQ,1397529,740769,53.01
20,1816,PHOGLOBAL,ST,16000,12000,75.00
20,1817,PIDILITIND,EQ,247344,108333,43.80
20,1818,PIIND,EQ,1156135,427504,36.98
20,1819,PILANIINVS,EQ,1977,1138,57.56
20,1820,PILITA,EQ,143708,84182,58.58
20,1821,PITTIENG,EQ,204955,86773,42.34
20,1822,PIXTRANS,EQ,16817,10029,59.64
20,1823,PLADAINFO,SM,3000,3000,100.00
20,1824,PLASTIBLEN,EQ,7377,2997,40.63
20,1825,PLATIND,EQ,316270,144460,45.68
20,1826,PLAZACABLE,EQ,27182,20551,75.61
20,1827,PNB,EQ,27155760,10184195,37.50
20,1828,PNBGILTS,EQ,988160,301848,30.55
20,1829,PNBHOUSING,EQ,568504,320662,56.40
20,1830,PNC,EQ,13773,8267,60.02
20,1831,PNCINFRA,EQ,382121,198953,52.07
20,1832,PNGJL,EQ,413656,173674,41.99
20,1833,POCL,EQ,63402,31660,49.94
20,1834,PODDARMENT,EQ,2921,2435,83.36
20,1835,POKARNA,EQ,76471,32755,42.83
20,1836,POLICYBZR,EQ,1253612,677988,54.08
20,1837,POLYCAB,EQ,405813,136261,33.58
20,1838,POLYMED,EQ,274302,56935,20.76
20,1839,POLYPLEX,EQ,122336,68829,56.26
20,1840,POLYSIL,SM,20000,16000,80.00
20,1841,PONNIERODE,EQ,3657,2026,55.40
20,1842,POONAWALLA,EQ,2010682,639791,31.82
20,1843,POSITRON,SM,8700,6600,75.86
20,1844,POWERGRID,EQ,14978897,8615450,57.52
20,1845,POWERINDIA,EQ,271683,80688,29.70
20,1846,POWERMECH,EQ,291321,117417,40.31
20,1847,PPAP,EQ,3902,2198,56.33
20,1848,PPL,EQ,29437,11985,40.71
20,1849,PPLPHARMA,EQ,3318667,498068,15.01
20,1850,PPSL,SM,15000,15000,100.00
20,1851,PRAENG,EQ,49849,34313,68.83
20,1852,PRAJIND,EQ,1121635,469571,41.86
20,1853,PRAKASH,EQ,390557,234462,60.03
20,1854,PRAKASHSTL,EQ,258695,167904,64.90
20,1855,PRAMARA,SM,32000,27000,84.38
20,1856,PRANIK,SM,4800,3200,66.67
20,1857,PRATHAM,ST,43600,43200,99.08
20,1858,PRECAM,EQ,113955,52426,46.01
20,1859,PRECISION,ST,2000,2000,100.00
20,1860,PRECWIRE,EQ,75761,34466,45.49
20,1861,PREMEXPLN,EQ,46018,20462,44.47
20,1862,PREMIERENE,EQ,2453915,585777,23.87
20,1863,PRESSTONIC,ST,15200,13600,89.47
20,1864,PRESTIGE,EQ,1116995,524882,46.99
20,1865,PRICOLLTD,EQ,133166,64595,48.51
20,1866,PRIMESECU,EQ,67090,39927,59.51
20,1867,PRINCEPIPE,EQ,126515,63324,50.05
20,1868,PRITI,EQ,13528,8885,65.68
20,1869,PRITIKA,ST,6000,5000,83.33
20,1870,PRITIKAUTO,EQ,216860,127466,58.78
20,1871,PRIVISCL,EQ,13429,8056,59.99
20,1872,PRIZOR,ST,12000,12000,100.00
20,1873,PRLIND,SM,30000,24000,80.00
20,1874,PROLIFE,SM,3000,2000,66.67
20,1875,PROV,SM,400,400,100.00
20,1876,PRSMJOHNSN,EQ,134500,62779,46.68
20,1877,PRUDENT,EQ,51658,28353,54.89
20,1878,PSB,EQ,853647,292370,34.25
20,1879,PSFL,SM,10000,6000,60.00
20,1880,PSPPROJECT,EQ,49212,23644,48.05
20,1881,PSUBANK,EQ,20373,11085,54.41
20,1882,PSUBANKADD,EQ,16789,16350,97.39
20,1883,PSUBNKBEES,EQ,1347385,703074,52.18
20,1884,PSUBNKIETF,EQ,971988,830563,85.45
20,1885,PTC,EQ,1455439,738434,50.74
20,1886,PTCIL,EQ,10208,4692,45.96
20,1887,PTL,EQ,29999,19249,64.17
20,1888,PULZ,ST,24000,24000,100.00
20,1889,PUNJABCHEM,EQ,5054,2659,52.61
20,1890,PURPLEUTED,SM,36000,30000,83.33
20,1891,PURVA,EQ,38323,23197,60.53
20,1892,PURVFLEXI,SM,6400,5600,87.50
20,1893,PVP,EQ,160960,104379,64.85
20,1894,PVRINOX,EQ,403857,112198,27.78
20,1895,PVSL,EQ,16724,8087,48.36
20,1896,PVTBANIETF,EQ,1419303,693318,48.85
20,1897,PVTBANKADD,EQ,32314,21150,65.45
20,1898,PYRAMID,EQ,31227,24425,78.22
20,1899,QGOLDHALF,EQ,89660,85044,94.85
20,1900,QMSMEDI,SM,8000,7000,87.50
20,1901,QNIFTY,EQ,1655,1550,93.66
20,1902,QUADFUTURE,EQ,1317810,163011,12.37
20,1903,QUADPRO,SM,36000,36000,100.00
20,1904,QUAL30IETF,EQ,105786,54332,51.36
20,1905,QUESS,EQ,194269,69769,35.91
20,1906,QUESTLAB,ST,16800,14400,85.71
20,1907,QUICKHEAL,EQ,94429,46110,48.83
20,1908,QUICKTOUCH,ST,3000,3000,100.00
20,1909,QVCEL,ST,4800,3200,66.67
20,1910,RACE,EQ,71279,31772,44.57
20,1911,RACLGEAR,EQ,25886,20780,80.28
20,1912,RADHIKAJWE,EQ,161502,91265,56.51
20,1913,RADIANTCMS,EQ,131704,79238,60.16
20,1914,RADICO,EQ,260942,115917,44.42
20,1915,RADIOCITY,EQ,112596,63420,56.33
20,1916,RADIOCITY,P1,414,413,99.76
20,1917,RAILTEL,EQ,3097479,730858,23.60
20,1918,RAIN,EQ,557681,227561,40.80
20,1919,RAINBOW,EQ,51957,26678,51.35
20,1920,RAJESHEXPO,EQ,412987,174131,42.16
20,1921,RAJINDLTD,SM,13500,9000,66.67
20,1922,RAJMET,EQ,366490,231944,63.29
20,1923,RAJPUTANA,SM,8000,5000,62.50
20,1924,RAJRATAN,EQ,10373,6661,64.21
20,1925,RAJSREESUG,EQ,18508,10466,56.55
20,1926,RALLIS,EQ,675514,398859,59.05
20,1927,RAMANEWS,EQ,68335,50652,74.12
20,1928,RAMAPHO,EQ,16418,9329,56.82
20,1929,RAMASTEEL,EQ,5865340,2176946,37.12
20,1930,RAMCOCEM,EQ,441748,175808,39.80
20,1931,RAMCOIND,EQ,43710,22991,52.60
20,1932,RAMCOSYS,EQ,63282,33080,52.27
20,1933,RAMKY,EQ,16308,9054,55.52
20,1934,RAMRAT,EQ,8294,4972,59.95
20,1935,RANASUG,EQ,167539,74186,44.28
20,1936,RANEENGINE,EQ,4511,2848,63.13
20,1937,RANEHOLDIN,EQ,3266,1334,40.85
20,1938,RAPPID,ST,12000,9000,75.00
20,1939,RATEGAIN,EQ,218674,135000,61.74
20,1940,RATNAMANI,EQ,16087,8158,50.71
20,1941,RATNAVEER,EQ,103524,57048,55.11
20,1942,RAYMOND,EQ,144948,45611,31.47
20,1943,RAYMONDLSL,EQ,418356,319635,76.40
20,1944,RBA,EQ,4268687,1831013,42.89
20,1945,RBL,EQ,1723,1073,62.28
20,1946,RBLBANK,EQ,4573027,1257606,27.50
20,1947,RBMINFRA,SM,71000,51800,72.96
20,1948,RBS,ST,12800,11200,87.50
20,1949,RBZJEWEL,EQ,107447,59005,54.92
20,1950,RCDL,SM,6000,6000,100.00
20,1951,RCF,EQ,1760990,499602,28.37
20,1952,RECLTD,EQ,16185807,8479489,52.39
20,1953,REDINGTON,EQ,1399099,298296,21.32
20,1954,REDTAPE,EQ,477415,191274,40.06
20,1955,REFRACTORY,ST,18000,18000,100.00
20,1956,RELAXO,EQ,298196,82515,27.67
20,1957,RELCHEMQ,EQ,2361,1900,80.47
20,1958,RELIABLE,EQ,2260,1832,81.06
20,1959,RELIANCE,EQ,9252345,5857587,63.31
20,1960,RELIGARE,EQ,1252354,671513,53.62
20,1961,RELINFRA,EQ,1722615,851225,49.41
20,1962,RELTD,EQ,53142,33926,63.84
20,1963,REMSONSIND,EQ,92130,44985,48.83
20,1964,REMUS,SM,17550,12800,72.93
20,1965,RENUKA,EQ,2339481,933039,39.88
20,1966,REPCOHOME,EQ,138189,81853,59.23
20,1967,REPRO,EQ,8710,4865,55.86
20,1968,RESPONIND,EQ,542200,507136,93.53
20,1969,RETAIL,EQ,2521,1229,48.75
20,1970,REXPIPES,SM,8000,8000,100.00
20,1971,REXPRO,ST,51000,51000,100.00
20,1972,RGL,EQ,204809,103360,50.47
20,1973,RHIM,EQ,60939,29309,48.10
20,1974,RICOAUTO,EQ,219134,101316,46.23
20,1975,RIIL,EQ,94037,29422,31.29
20,1976,RILINFRA,SM,23100,16100,69.70
20,1977,RISHABH,EQ,21887,14375,65.68
20,1978,RITCO,EQ,34004,14632,43.03
20,1979,RITES,EQ,5367975,1628430,30.34
20,1980,RITEZONE,SM,24000,24000,100.00
20,1981,RKDL,EQ,16506,11697,70.87
20,1982,RKEC,EQ,56816,23965,42.18
20,1983,RKFORGE,EQ,465694,230428,49.48
20,1984,RKSWAMY,EQ,17931,8879,49.52
20,1985,RMDRIP,ST,1500,1500,100.00
20,1986,RML,EQ,5696,3702,64.99
20,1987,RNFI,ST,15600,15600,100.00
20,1988,ROCKINGDCE,SM,7250,6250,86.21
20,1989,ROHLTD,EQ,73351,37651,51.33
20,1990,ROLEXRINGS,EQ,5583,2780,49.79
20,1991,ROML,EQ,868,507,58.41
20,1992,ROSSARI,EQ,32755,11456,34.97
20,1993,ROSSTECH,EQ,24809,12271,49.46
20,1994,ROTO,EQ,32540,16215,49.83
20,1995,ROUTE,EQ,55975,33719,60.24
20,1996,ROXHITECH,ST,14400,11200,77.78
20,1997,RPEL,EQ,33538,15063,44.91
20,1998,RPGLIFE,EQ,11644,5042,43.30
20,1999,RPOWER,EQ,11816377,5724746,48.45
20,2000,RPPL,EQ,113657,81681,71.87
20,2001,RPSGVENT,EQ,41728,20943,50.19
20,2002,RPTECH,EQ,232103,145603,62.73
20,2003,RRKABEL,EQ,106739,45401,42.53
20,2004,RSWM,EQ,30151,18156,60.22
20,2005,RSYSTEMS,EQ,48251,29501,61.14
20,2006,RTNINDIA,EQ,1860049,716338,38.51
20,2007,RTNPOWER,EQ,11151118,5643332,50.61
20,2008,RUBFILA,EQ,33457,27762,82.98
20,2009,RUBYMILLS,EQ,8734,5169,59.18
20,2010,RUCHINFRA,EQ,31019,20624,66.49
20,2011,RUCHIRA,EQ,16461,12056,73.24
20,2012,RULKA,ST,3600,3600,100.00
20,2013,RUPA,EQ,54788,28626,52.25
20,2014,RUSHIL,EQ,317928,148404,46.68
20,2015,RUSTOMJEE,EQ,32492,18203,56.02
20,2016,RVNL,EQ,22386317,3520431,15.73
20,2017,RVTH,EQ,566,539,95.23
20,2018,SAAKSHI,SM,5400,3600,66.67
20,2019,SABAR,ST,35000,35000,100.00
20,2020,SADBHIN,EQ,120925,82762,68.44
20,2021,SADHAV,SM,7200,4800,66.67
20,2022,SADHNANIQ,EQ,332794,218378,65.62
20,2023,SAFARI,EQ,154627,119229,77.11
20,2024,SAGARDEEP,EQ,69082,4516,6.54
20,2025,SAGCEM,EQ,21503,10322,48.00
20,2026,SAHAJ,SM,4000,4000,100.00
20,2027,SAHAJSOLAR,SM,5400,5000,92.59
20,2028,SAHANA,ST,14375,13000,90.43
20,2029,SAHASRA,SM,42000,32000,76.19
20,2030,SAHYADRI,EQ,3033,2235,73.69
20,2031,SAIFL,SM,37600,21600,57.45
20,2032,SAIL,EQ,16535047,4246774,25.68
20,2033,SAILIFE,EQ,480410,180083,37.49
20,2034,SAJHOTELS,ST,22000,20000,90.91
20,2035,SAKAR,EQ,16103,10388,64.51
20,2036,SAKHTISUG,EQ,82175,39956,48.62
20,2037,SAKSOFT,EQ,469190,106026,22.60
20,2038,SALASAR,EQ,3427460,2042838,59.60
20,2039,SALONA,EQ,1941,802,41.32
20,2040,SALSTEEL,EQ,39291,14977,38.12
20,2041,SALZERELEC,EQ,92197,42644,46.25
20,2042,SAMHI,EQ,1401505,559163,39.90
20,2043,SAMMAANCAP,EQ,4335548,2224412,51.31
20,2044,SANATHAN,EQ,176943,83501,47.19
20,2045,SANDESH,EQ,1787,1056,59.09
20,2046,SANDHAR,EQ,100098,48902,48.85
20,2047,SANDUMA,EQ,51887,22919,44.17
20,2048,SANGAMIND,EQ,13455,7132,53.01
20,2049,SANGHIIND,EQ,419720,173682,41.38
20,2050,SANGHVIMOV,EQ,219990,105964,48.17
20,2051,SANGINITA,EQ,47743,30349,63.57
20,2052,SANOFI,EQ,7754,4278,55.17
20,2053,SANOFICONR,EQ,1406,733,52.13
20,2054,SANSERA,EQ,43257,22113,51.12
20,2055,SANSTAR,EQ,315509,122850,38.94
20,2056,SAPPHIRE,EQ,4994203,1171198,23.45
20,2057,SARDAEN,EQ,267398,133233,49.83
20,2058,SAREGAMA,EQ,8742953,398642,4.56
20,2059,SARTELE,SM,37000,30500,82.43
20,2060,SARVESHWAR,EQ,2282252,1299882,56.96
20,2061,SASKEN,EQ,8650,3839,44.38
20,2062,SASTASUNDR,EQ,16499,9793,59.36
20,2063,SATECH,ST,11000,11000,100.00
20,2064,SATIA,EQ,255832,195494,76.41
20,2065,SATIN,EQ,174686,94824,54.28
20,2066,SATINDLTD,EQ,228668,128196,56.06
20,2067,SATIPOLY,SM,1000,1000,100.00
20,2068,SATKARTAR,SM,318400,188800,59.30
20,2069,SAURASHCEM,EQ,126841,83130,65.54
20,2070,SBC,EQ,2855828,1879386,65.81
20,2071,SBCL,EQ,77104,35888,46.54
20,2072,SBFC,EQ,1318846,780701,59.20
20,2073,SBGLP,EQ,63841,27467,43.02
20,2074,SBICARD,EQ,4840203,2653810,54.83
20,2075,SBIETFCON,EQ,10952,9410,85.92
20,2076,SBIETFIT,EQ,3247,1404,43.24
20,2077,SBIETFPB,EQ,6220,4457,71.66
20,2078,SBIETFQLTY,EQ,2533,2266,89.46
20,2079,SBILIFE,EQ,1127198,502970,44.62
20,2080,SBIN,EQ,7862190,3312798,42.14
20,2081,SBINEQWETF,EQ,10651,6566,61.65
20,2082,SBISILVER,EQ,1660543,1593329,95.95
20,2083,SCHAEFFLER,EQ,136687,114081,83.46
20,2084,SCHAND,EQ,15487,8572,55.35
20,2085,SCHNEIDER,EQ,471465,189540,40.20
20,2086,SCI,EQ,1836278,663010,36.11
20,2087,SCILAL,EQ,428529,201707,47.07
20,2088,SCL25924A,N1,10,10,100.00
20,2089,SCLZC25,YN,13,10,76.92
20,2090,SCLZC26,NB,20,20,100.00
20,2091,SCLZC26B,AY,10,10,100.00
20,2092,SCML,SM,5000,4000,80.00
20,2093,SCPL,EQ,2932,1666,56.82
20,2094,SDBL,EQ,1784446,727614,40.78
20,2095,SDL26BEES,EQ,1311,310,23.65
20,2096,SDREAMS,SM,5000,4000,80.00
20,2097,SEAMECLTD,EQ,7820,3364,43.02
20,2098,SECL,ST,18750,18750,100.00
20,2099,SECMARK,EQ,5681,3781,66.56
20,2100,SECURKLOUD,EQ,23305,14562,62.48
20,2101,SEJALLTD,EQ,1861,1318,70.82
20,2102,SEL,ST,1800,1800,100.00
20,2103,SELAN,EQ,51439,12861,25.00
20,2104,SELMC,EQ,25638,22550,87.96
20,2105,SENCO,EQ,660813,342053,51.76
20,2106,SENORES,EQ,322495,145489,45.11
20,2107,SENSEXADD,EQ,447,264,59.06
20,2108,SENSEXETF,EQ,14794,11055,74.73
20,2109,SENSEXIETF,EQ,8420,4453,52.89
20,2110,SEPC,EQ,2991371,1585736,53.01
20,2111,SEQUENT,EQ,242584,118948,49.03
20,2112,SERVICE,SM,4000,2000,50.00
20,2113,SERVOTECH,EQ,393638,236103,59.98
20,2114,SESHAPAPER,EQ,6968,4041,57.99
20,2115,SETF10GILT,EQ,22430,18098,80.69
20,2116,SETFGOLD,EQ,3096018,2260209,73.00
20,2117,SETFNIF50,EQ,349195,247653,70.92
20,2118,SETFNIFBK,EQ,247192,236247,95.57
20,2119,SETFNN50,EQ,53878,38157,70.82
20,2120,SFL,EQ,42563,19503,45.82
20,2121,SFML,SM,19200,16000,83.33
20,2122,SGBAPR28I,GB,110,84,76.36
20,2123,SGBAUG27,GB,237,229,96.62
20,2124,SGBAUG28V,GB,720,548,76.11
20,2125,SGBAUG29V,GB,246,230,93.50
20,2126,SGBAUG30,GB,148,112,75.68
20,2127,SGBD29VIII,GB,441,320,72.56
20,2128,SGBDC27VII,GB,4,4,100.00
20,2129,SGBDE30III,GB,424,261,61.56
20,2130,SGBDE31III,GB,1452,989,68.11
20,2131,SGBDEC25,GB,2,2,100.00
20,2132,SGBDEC2512,GB,1,1,100.00
20,2133,SGBDEC26,GB,1,1,100.00
20,2134,SGBFEB27,GB,12,10,83.33
20,2135,SGBFEB28IX,GB,10,10,100.00
20,2136,SGBFEB29XI,GB,1,1,100.00
20,2137,SGBFEB32IV,GB,2220,1570,70.72
20,2138,SGBJAN27,GB,34,34,100.00
20,2139,SGBJAN29IX,GB,90,71,78.89
20,2140,SGBJAN29X,GB,82,59,71.95
20,2141,SGBJAN30IX,GB,238,156,65.55
20,2142,SGBJU29III,GB,32,29,90.63
20,2143,SGBJUL25,GB,40,30,75.00
20,2144,SGBJUL28IV,GB,84,63,75.00
20,2145,SGBJUL29IV,GB,102,98,96.08
20,2146,SGBJUN27,GB,5,5,100.00
20,2147,SGBJUN28,GB,335,243,72.54
20,2148,SGBJUN29II,GB,40,32,80.00
20,2149,SGBJUN30,GB,325,236,72.62
20,2150,SGBJUN31I,GB,1472,982,66.71
20,2151,SGBMAR25,GB,90,85,94.44
20,2152,SGBMAR30X,GB,142,96,67.61
20,2153,SGBMAR31IV,GB,529,329,62.19
20,2154,SGBMAY25,GB,49,49,100.00
20,2155,SGBMAY26,GB,3,3,100.00
20,2156,SGBMAY28,GB,2448,2171,88.68
20,2157,SGBMAY29I,GB,312,233,74.68
20,2158,SGBMR29XII,GB,195,161,82.56
20,2159,SGBN28VIII,GB,94,88,93.62
20,2160,SGBNOV25VI,GB,6,6,100.00
20,2161,SGBNOV26,GB,7,7,100.00
20,2162,SGBNV29VII,GB,361,328,90.86
20,2163,SGBOC28VII,GB,274,264,96.35
20,2164,SGBOCT25,GB,36,20,55.56
20,2165,SGBOCT25IV,GB,31,31,100.00
20,2166,SGBOCT26,GB,40,40,100.00
20,2167,SGBOCT27VI,GB,25,25,100.00
20,2168,SGBSEP27,GB,89,46,51.69
20,2169,SGBSEP28VI,GB,168,117,69.64
20,2170,SGBSEP29VI,GB,425,348,81.88
20,2171,SGBSEP31II,GB,2021,1362,67.39
20,2172,SGL,EQ,5119,3592,70.17
20,2173,SGLTL,EQ,846575,288399,34.07
20,2174,SHAH,EQ,452445,267580,59.14
20,2175,SHAHALLOYS,EQ,15534,9488,61.08
20,2176,SHALBY,EQ,67397,35590,52.81
20,2177,SHALPAINTS,EQ,87750,50720,57.80
20,2178,SHANKARA,EQ,88883,33552,37.75
20,2179,SHANTHALA,ST,1200,1200,100.00
20,2180,SHANTI,EQ,51889,38828,74.83
20,2181,SHANTIGEAR,EQ,22136,10638,48.06
20,2182,SHARDACROP,EQ,129137,47712,36.95
20,2183,SHARDAMOTR,EQ,14314,6850,47.86
20,2184,SHAREINDIA,EQ,279071,109119,39.10
20,2185,SHARIABEES,EQ,7868,4491,57.08
20,2186,SHEETAL,SM,54000,40000,74.07
20,2187,SHEMAROO,EQ,14983,11868,79.21
20,2188,SHERA,SM,18000,14000,77.78
20,2189,SHIGAN,SM,1500,1500,100.00
20,2190,SHILPAMED,EQ,149979,66709,44.48
20,2191,SHIVALIK,EQ,96482,40141,41.60
20,2192,SHIVAMAUTO,EQ,82726,42321,51.16
20,2193,SHIVAMILLS,EQ,1759,970,55.14
20,2194,SHIVATEX,EQ,14036,2408,17.16
20,2195,SHK,EQ,145289,80472,55.39
20,2196,SHOPERSTOP,EQ,78807,20331,25.80
20,2197,SHREDIGCEM,EQ,243386,130519,53.63
20,2198,SHREECEM,EQ,31317,11242,35.90
20,2199,SHREEKARNI,ST,4200,3750,89.29
20,2200,SHREEPUSHK,EQ,36428,17184,47.17
20,2201,SHRENIK,EQ,988307,634027,64.15
20,2202,SHREYANIND,EQ,16130,5739,35.58
20,2203,SHRIPISTON,EQ,47688,20146,42.25
20,2204,SHRIRAMFIN,EQ,7442129,3083832,41.44
20,2205,SHRIRAMPPS,EQ,565490,311872,55.15
20,2206,SHYAMCENT,EQ,101515,70551,69.50
20,2207,SHYAMMETL,EQ,387459,221559,57.18
20,2208,SIEMENS,EQ,1731436,844472,48.77
20,2209,SIGACHI,EQ,522172,278879,53.41
20,2210,SIGIND,EQ,17219,9315,54.10
20,2211,SIGMA,EQ,6342,3458,54.53
20,2212,SIGNATURE,EQ,482926,34410,7.13
20,2213,SIKKO,EQ,35213,19640,55.77
20,2214,SIL,EQ,15997,9239,57.75
20,2215,SILGO,EQ,197878,75011,37.91
20,2216,SILINV,EQ,3884,2181,56.15
20,2217,SILKFLEX,SM,20000,20000,100.00
20,2218,SILLYMONKS,EQ,653,592,90.66
20,2219,SILVER,EQ,187168,121068,64.68
20,2220,SILVER1,EQ,89305,67289,75.35
20,2221,SILVERADD,EQ,12956,8992,69.40
20,2222,SILVERBEES,EQ,5434913,3739327,68.80
20,2223,SILVERETF,EQ,103430,73148,70.72
20,2224,SILVERIETF,EQ,757900,600456,79.23
20,2225,SILVERTUC,EQ,10286,1831,17.80
20,2226,SILVRETF,EQ,921826,900151,97.65
20,2227,SINCLAIR,EQ,98570,50712,51.45
20,2228,SINDHUTRAD,EQ,733087,232973,31.78
20,2229,SINTERCOM,EQ,2330,1430,61.37
20,2230,SIRCA,EQ,32969,22478,68.18
20,2231,SIS,EQ,56695,25516,45.01
20,2232,SIYSIL,EQ,92451,51759,55.99
20,2233,SJLOGISTIC,SM,21500,14250,66.28
20,2234,SJS,EQ,96812,45014,46.50
20,2235,SJVN,EQ,8918062,1989685,22.31
20,2236,SKFINDIA,EQ,26958,16994,63.04
20,2237,SKIPPER,EQ,379730,126173,33.23
20,2238,SKMEGGPROD,EQ,18473,9843,53.28
20,2239,SKP,SM,2500,2500,100.00
20,2240,SKYGOLD,EQ,294122,215167,73.16
20,2241,SLONE,ST,2400,2400,100.00
20,2242,SMALLCAP,EQ,1366981,792299,57.96
20,2243,SMCGLOBAL,EQ,86115,52867,61.39
20,2244,SMLISUZU,EQ,5460,3074,56.30
20,2245,SMLT,EQ,6944,3637,52.38
20,2246,SMSPHARMA,EQ,48686,24775,50.89
20,2247,SMVD,SM,36360,32320,88.89
20,2248,SNOWMAN,EQ,1257750,429800,34.17
20,2249,SOBHA,EQ,275387,84666,30.74
20,2250,SOLARA,EQ,110488,81689,73.93
20,2251,SOLARAPP,E1,8224,7844,95.38
20,2252,SOLARINDS,EQ,76427,34287,44.86
20,2253,SOLEX,ST,11250,10500,93.33
20,2254,SOMANYCERA,EQ,21208,10191,48.05
20,2255,SOMICONVEY,EQ,10456,3434,32.84
20,2256,SONACOMS,EQ,6332539,4429929,69.96
20,2257,SONAMAC,ST,8000,7000,87.50
20,2258,SONAMLTD,EQ,1260181,610598,48.45
20,2259,SONATSOFTW,EQ,227427,130020,57.17
20,2260,SONUINFRA,ST,33000,33000,100.00
20,2261,SOTL,EQ,26149,13033,49.84
20,2262,SOUTHBANK,EQ,5908392,2290136,38.76
20,2263,SOUTHWEST,EQ,22027,11833,53.72
20,2264,SPAL,EQ,38635,18754,48.54
20,2265,SPANDANA,EQ,204006,87114,42.70
20,2266,SPARC,EQ,354891,157439,44.36
20,2267,SPCL,ST,23400,23400,100.00
20,2268,SPECIALITY,EQ,155469,71663,46.09
20,2269,SPECTRUM,SM,3875,2875,74.19
20,2270,SPECTSTM,ST,24000,24000,100.00
20,2271,SPENCERS,EQ,540482,282669,52.30
20,2272,SPIC,EQ,322845,166092,51.45
20,2273,SPLIL,EQ,6364,3611,56.74
20,2274,SPLPETRO,EQ,461941,441217,95.51
20,2275,SPORTKING,EQ,105483,58582,55.54
20,2276,SPPPOLY,ST,12000,12000,100.00
20,2277,SPRL,ST,10400,9600,92.31
20,2278,SRD,EQ,33168,27772,83.73
20,2279,SREEL,EQ,22288,8573,38.46
20,2280,SRF,EQ,2457417,1200927,48.87
20,2281,SRGHFL,EQ,5013,3433,68.48
20,2282,SRHHYPOLTD,EQ,9545,4542,47.59
20,2283,SRIVASAVI,SM,10000,8000,80.00
20,2284,SSDL,EQ,37166,20306,54.64
20,2285,SSEGL,SM,30200,17200,56.95
20,2286,SSFL,SM,4500,4000,88.89
20,2287,S&SPOWER,EQ,4959,4517,91.09
20,2288,SSWL,EQ,157840,109615,69.45
20,2289,STANLEY,EQ,74550,33862,45.42
20,2290,STAR,EQ,729362,321995,44.15
20,2291,STARCEMENT,EQ,267081,89060,33.35
20,2292,STARHEALTH,EQ,1116625,821475,73.57
20,2293,STARPAPER,EQ,12818,6950,54.22
20,2294,STARTECK,EQ,3030,1138,37.56
20,2295,STCINDIA,EQ,31899,13774,43.18
20,2296,STEELCAS,EQ,11713,5517,47.10
20,2297,STEELCITY,EQ,23051,13316,57.77
20,2298,STEELXIND,EQ,1127265,588766,52.23
20,2299,STEL,EQ,10761,8231,76.49
20,2300,STERTOOLS,EQ,70654,31480,44.56
20,2301,STLTECH,EQ,766426,325007,42.41
20,2302,STOVEKRAFT,EQ,766173,188396,24.59
20,2303,STYLAMIND,EQ,69127,33225,48.06
20,2304,STYLEBAAZA,EQ,233330,104832,44.93
20,2305,STYRENIX,EQ,58519,41434,70.80
20,2306,SUBEXLTD,EQ,2876082,1747811,60.77
20,2307,SUBROS,EQ,94074,40953,43.53
20,2308,SUDARSCHEM,EQ,145709,85988,59.01
20,2309,SUKHJITS,EQ,3685,1968,53.41
20,2310,SULA,EQ,485178,162933,33.58
20,2311,SUMICHEM,EQ,287279,91887,31.99
20,2312,SUMMITSEC,EQ,17297,9759,56.42
20,2313,SUNCLAY,EQ,14588,6552,44.91
20,2314,SUNDARAM,EQ,618115,543993,88.01
20,2315,SUNDARMFIN,EQ,129012,49166,38.11
20,2316,SUNDARMHLD,EQ,56306,17276,30.68
20,2317,SUNDRMFAST,EQ,40084,16298,40.66
20,2318,SUNLITE,SM,6000,6000,100.00
20,2319,SUNPHARMA,EQ,2210231,1122123,50.77
20,2320,SUNREST,SM,8000,6400,80.00
20,2321,SUNTECK,EQ,98767,34268,34.70
20,2322,SUNTV,EQ,595626,284996,47.85
20,2323,SUPERHOUSE,EQ,29249,12954,44.29
20,2324,SUPERSPIN,EQ,43699,25864,59.19
20,2325,SUPRAJIT,EQ,35201,13771,39.12
20,2326,SUPREME,EQ,117829,63009,53.47
20,2327,SUPREMEIND,EQ,420339,209652,49.88
20,2328,SUPREMEPWR,ST,62000,59000,95.16
20,2329,SUPRIYA,EQ,127345,35324,27.74
20,2330,SURAJEST,EQ,102600,49591,48.33
20,2331,SURAKSHA,EQ,90535,43056,47.56
20,2332,SURANASOL,EQ,88901,68497,77.05
20,2333,SURANAT&P,EQ,76773,47181,61.46
20,2334,SURANI,ST,3400,3400,100.00
20,2335,SURYALAXMI,EQ,5454,3168,58.09
20,2336,SURYAROSNI,EQ,225110,93977,41.75
20,2337,SURYODAY,EQ,97529,41040,42.08
20,2338,SUTLEJTEX,EQ,59466,30142,50.69
20,2339,SUVEN,EQ,581256,181990,31.31
20,2340,SUVENPHAR,EQ,767977,303134,39.47
20,2341,SUVIDHAA,EQ,109100,77367,70.91
20,2342,SUYOG,EQ,24275,12629,52.02
20,2343,SUZLON,EQ,93425367,48317212,51.72
20,2344,SWANENERGY,EQ,1382911,419504,30.33
20,2345,SWARAJ,SM,171000,131000,76.61
20,2346,SWARAJENG,EQ,10158,4084,40.20
20,2347,SWASTIK,SM,16800,12000,71.43
20,2348,SWELECTES,EQ,13867,6146,44.32
20,2349,SWIGGY,EQ,17169683,4178403,24.34
20,2350,SWSOLAR,EQ,1099507,532783,48.46
20,2351,SYLVANPLY,SM,6000,6000,100.00
20,2352,SYMPHONY,EQ,372210,95050,25.54
20,2353,SYNCOMF,EQ,1798076,942111,52.40
20,2354,SYNGENE,EQ,903454,404973,44.82
20,2355,SYRMA,EQ,2638450,454313,17.22
20,2356,SYSTANGO,SM,20800,11600,55.77
20,2357,TAC,ST,3800,3800,100.00
20,2358,TAINWALCHM,EQ,17502,7822,44.69
20,2359,TAJGVK,EQ,1895062,382562,20.19
20,2360,TALBROAUTO,EQ,25612,14075,54.95
20,2361,TANLA,EQ,522783,191425,36.62
20,2362,TARC,EQ,339327,177498,52.31
20,2363,TARIL,EQ,657333,430350,65.47
20,2364,TARMAT,EQ,4735,2243,47.37
20,2365,TARSONS,EQ,26311,14691,55.84
20,2366,TASTYBITE,EQ,1949,980,50.28
20,2367,TATACHEM,EQ,832855,289262,34.73
20,2368,TATACOMM,EQ,161248,48045,29.80
20,2369,TATACONSUM,EQ,1298543,452827,34.87
20,2370,TATAELXSI,EQ,71348,27693,38.81
20,2371,TATAGOLD,EQ,8881542,6382888,71.87
20,2372,TATAINVEST,EQ,12616,4815,38.17
20,2373,TATAMOTORS,EQ,17806760,7576286,42.55
20,2374,TATAPOWER,EQ,8346246,3157869,37.84
20,2375,TATASTEEL,EQ,27765357,10031570,36.13
20,2376,TATATECH,EQ,531189,300050,56.49
20,2377,TATSILV,EQ,1220898,621951,50.94
20,2378,TATVA,EQ,22833,14135,61.91
20,2379,TBI,SM,600,600,100.00
20,2380,TBOTEK,EQ,49533,20668,41.73
20,2381,TBZ,EQ,191998,93202,48.54
20,2382,TCHF30,NB,324,322,99.38
20,2383,TCI,EQ,26526,13750,51.84
20,2384,TCIEXP,EQ,9695,5666,58.44
20,2385,TCL,SM,17600,11200,63.64
20,2386,TCLCONS,EQ,41645,28929,69.47
20,2387,TCPLPACK,EQ,3782,1858,49.13
20,2388,TCS,EQ,1265713,782762,61.84
20,2389,TDPOWERSYS,EQ,663735,412049,62.08
20,2390,TEAMLEASE,EQ,199523,141388,70.86
20,2391,TECH,EQ,3552,1895,53.35
20,2392,TECHERA,ST,70400,62400,88.64
20,2393,TECHLABS,ST,5625,5625,100.00
20,2394,TECHM,EQ,1415698,757437,53.50
20,2395,TECHNOE,EQ,695856,469252,67.44
20,2396,TECILCHEM,EQ,482,477,98.96
20,2397,TEGA,EQ,41334,26639,64.45
20,2398,TEJASNET,EQ,753076,299802,39.81
20,2399,TEXINFRA,EQ,666879,361170,54.16
20,2400,TEXMOPIPES,EQ,20395,11723,57.48
20,2401,TEXRAIL,EQ,7060200,3458426,48.98
20,2402,TFCILTD,EQ,299847,164408,54.83
20,2403,TGBHOTELS,EQ,1635654,171983,10.51
20,2404,TGL,ST,45400,45200,99.56
20,2405,THANGAMAYL,EQ,26341,13993,53.12
20,2406,THEINVEST,EQ,5289,2345,44.34
20,2407,THEJO,EQ,2308,1312,56.85
20,2408,THEMISMED,EQ,42016,21709,51.67
20,2409,THERMAX,EQ,303729,154974,51.02
20,2410,THESL,ST,3000,3000,100.00
20,2411,THOMASCOOK,EQ,998865,516614,51.72
20,2412,THYROCARE,EQ,15174,8095,53.35
20,2413,TI,EQ,1288872,349455,27.11
20,2414,TIIL,EQ,12351,6919,56.02
20,2415,TIINDIA,EQ,683442,292500,42.80
20,2416,TIL,EQ,7480,4857,64.93
20,2417,TIMETECHNO,EQ,961650,503226,52.33
20,2418,TIMKEN,EQ,156469,110119,70.38
20,2419,TIPSMUSIC,EQ,503371,336709,66.89
20,2420,TIRUMALCHM,EQ,419840,177144,42.19
20,2421,TIRUPATI,SM,5000,5000,100.00
20,2422,TITAGARH,EQ,3415791,813383,23.81
20,2423,TITAN,EQ,1543897,780660,50.56
20,2424,TMB,EQ,76487,32861,42.96
20,2425,TNIDETF,EQ,39545,29016,73.37
20,2426,TNPETRO,EQ,147346,55487,37.66
20,2427,TNPL,EQ,101086,48166,47.65
20,2428,TOKYOPLAST,EQ,2525,2134,84.51
20,2429,TOLINS,EQ,244347,163233,66.80
20,2430,TOP100CASE,EQ,454374,320876,70.62
20,2431,TOP10ADD,EQ,181311,124000,68.39
20,2432,TORNTPHARM,EQ,214736,117959,54.93
20,2433,TORNTPOWER,EQ,1066990,462861,43.38
20,2434,TOTAL,EQ,2681,2216,82.66
20,2435,TOUCHWOOD,EQ,3308,1670,50.48
20,2436,TPLPLASTEH,EQ,131949,17343,13.14
20,2437,TRACXN,EQ,118352,64627,54.61
20,2438,TRANSRAILL,EQ,877182,156854,17.88
20,2439,TRANSWORLD,EQ,41789,20612,49.32
20,2440,TREEHOUSE,EQ,3353,2613,77.93
20,2441,TREJHARA,EQ,11452,8336,72.79
20,2442,TREL,EQ,172296,86127,49.99
20,2443,TRENT,EQ,1498258,670295,44.74
20,2444,TRF,EQ,11479,6894,60.06
20,2445,TRIDENT,EQ,7160051,1453575,20.30
20,2446,TRIDHYA,SM,6000,6000,100.00
20,2447,TRIGYN,EQ,32655,16529,50.62
20,2448,TRITURBINE,EQ,1834003,971220,52.96
20,2449,TRIVENI,EQ,212500,70091,32.98
20,2450,TROM,SM,7800,4800,61.54
20,2451,TRUST,ST,26400,26400,100.00
20,2452,TTKHLTCARE,EQ,1474,1022,69.34
20,2453,TTKPRESTIG,EQ,28859,15297,53.01
20,2454,TTML,EQ,2491042,682045,27.38
20,2455,TUNWAL,SM,56000,30000,53.57
20,2456,TVSELECT,EQ,8777,3733,42.53
20,2457,TVSHLTD,EQ,7921,4210,53.15
20,2458,TVSMOTOR,EQ,3036331,1876402,61.80
20,2459,TVSSCS,EQ,358835,166567,46.42
20,2460,TVSSRICHAK,EQ,1126,710,63.06
20,2461,TVTODAY,EQ,111366,65200,58.55
20,2462,UBL,EQ,816037,289933,35.53
20,2463,UCOBANK,EQ,3401618,1427298,41.96
20,2464,UDAICEMENT,EQ,253402,145423,57.39
20,2465,UDS,EQ,177899,90210,50.71
20,2466,UFLEX,EQ,30426,16300,53.57
20,2467,UFO,EQ,77486,31810,41.05
20,2468,UGARSUGAR,EQ,135474,64711,47.77
20,2469,UGROCAP,EQ,164847,119396,72.43
20,2470,UHTL,ST,54000,46000,85.19
20,2471,UJJIVANSFB,EQ,21042521,10676607,50.74
20,2472,ULTRACEMCO,EQ,450593,266825,59.22
20,2473,UMA,SM,12000,12000,100.00
20,2474,UMAEXPORTS,EQ,38764,25144,64.86
20,2475,UMESLTD,EQ,19507,14657,75.14
20,2476,UNICHEMLAB,EQ,38001,22494,59.19
20,2477,UNIDT,EQ,14572,8261,56.69
20,2478,UNIECOM,EQ,1125369,380349,33.80
20,2479,UNIENTER,EQ,31824,18830,59.17
20,2480,UNIHEALTH,SM,9000,6000,66.67
20,2481,UNIINFO,EQ,3618,1511,41.76
20,2482,UNILEX,SM,84800,84800,100.00
20,2483,UNIMECH,EQ,112708,43874,38.93
20,2484,UNIONBANK,EQ,7636353,3127221,40.95
20,2485,UNIPARTS,EQ,62990,34992,55.55
20,2486,UNITDSPR,EQ,802852,396548,49.39
20,2487,UNITEDTEA,EQ,3509,2145,61.13
20,2488,UNIVCABLES,EQ,36999,16656,45.02
20,2489,UNOMINDA,EQ,718736,400867,55.77
20,2490,UPL,EQ,12713558,4152558,32.66
20,2491,URAVIDEF,EQ,9273,8179,88.20
20,2492,URBAN,ST,20000,17600,88.00
20,2493,USASEEDS,SM,1200,900,75.00
20,2494,USHAFIN,SM,12800,11200,87.50
20,2495,USHAMART,EQ,611207,324630,53.11
20,2496,USK,EQ,40423,25271,62.52
20,2497,UTIAMC,EQ,137328,53965,39.30
20,2498,UTIBANKETF,EQ,2861991,2836853,99.12
20,2499,UTINEXT50,EQ,180069,126055,70.00
20,2500,UTINIFTETF,EQ,60122,53691,89.30
20,2501,UTISENSETF,EQ,731,444,60.74
20,2502,UTISXN50,EQ,4898,2297,46.90
20,2503,UTKARSHBNK,EQ,1015199,456373,44.95
20,2504,UTSSAV,ST,90600,82200,90.73
20,2505,UTTAMSUGAR,EQ,28255,14078,49.82
20,2506,UYFINCORP,EQ,55848,31871,57.07
20,2507,VADILALIND,EQ,4979,2301,46.21
20,2508,VAIBHAVGBL,EQ,377883,122728,32.48
20,2509,VAISHALI,EQ,255339,142627,55.86
20,2510,VAKRANGEE,EQ,1744487,1744487,100.00
20,2511,VAL30IETF,EQ,502343,310790,61.87
20,2512,VALIANTLAB,EQ,117887,110069,93.37
20,2513,VALIANTORG,EQ,95953,59179,61.67
20,2514,VARDHACRLC,EQ,13457,8565,63.65
20,2515,VARROC,EQ,116541,31168,26.74
20,2516,VASCONEQ,EQ,506136,279390,55.20
20,2517,VASWANI,EQ,37466,25267,67.44
20,2518,VBL,EQ,6595246,3392149,51.43
20,2519,VCL,EQ,237357,140174,59.06
20,2520,VDEAL,SM,3600,2400,66.67
20,2521,VEDL,EQ,18277593,7269862,39.77
20,2522,VEEDOL,EQ,9147,4996,54.62
20,2523,VELS,SM,12000,8400,70.00
20,2524,VENKEYS,EQ,32809,10469,31.91
20,2525,VENTIVE,EQ,355512,217926,61.30
20,2526,VENUSPIPES,EQ,77677,42534,54.76
20,2527,VENUSREM,EQ,36622,28936,79.01
20,2528,VERANDA,EQ,92016,51347,55.80
20,2529,VESUVIUS,EQ,5610,2782,49.59
20,2530,VETO,EQ,28641,13583,47.43
20,2531,VGUARD,EQ,339928,149676,44.03
20,2532,VHL,EQ,684,336,49.12
20,2533,VIAZ,SM,2000,2000,100.00
20,2534,VIDHIING,EQ,19565,10619,54.28
20,2535,VIESL,SM,60800,57600,94.74
20,2536,VIJAYA,EQ,180083,58997,32.76
20,2537,VIKASECO,EQ,2289935,1195401,52.20
20,2538,VIKASLIFE,EQ,2434066,1428699,58.70
20,2539,VILAS,SM,21750,18500,85.06
20,2540,VILINBIO,SM,32000,16000,50.00
20,2541,VIMTALABS,EQ,38776,17490,45.11
20,2542,VINATIORGA,EQ,107787,43058,39.95
20,2543,VINCOFE,EQ,198062,104278,52.65
20,2544,VINDHYATEL,EQ,12261,9241,75.37
20,2545,VINEETLAB,EQ,12572,7060,56.16
20,2546,VINSYS,SM,7000,7000,100.00
20,2547,VINYAS,ST,7800,7800,100.00
20,2548,VINYLINDIA,EQ,6537,3676,56.23
20,2549,VIPCLOTHNG,EQ,68604,38585,56.24
20,2550,VIPIND,EQ,423422,225457,53.25
20,2551,VIRINCHI,EQ,140888,71772,50.94
20,2552,VISAKAIND,EQ,115942,45132,38.93
20,2553,VISHNU,EQ,173620,78525,45.23
20,2554,VISHNUINFR,SM,9000,8500,94.44
20,2555,VISHWARAJ,EQ,505900,304492,60.19
20,2556,VISHWAS,SM,6400,6400,100.00
20,2557,VITAL,SM,4800,4800,100.00
20,2558,VIVIANA,ST,9375,8875,94.67
20,2559,VIVIDHA,EQ,542313,367647,67.79
20,2560,VLEGOV,EQ,16466,16466,100.00
20,2561,VLINFRA,ST,9000,9000,100.00
20,2562,VLSFINANCE,EQ,18681,9407,50.36
20,2563,VMARCIND,ST,1500,1250,83.33
20,2564,VMART,EQ,46805,28658,61.23
20,2565,VMM,EQ,66098244,18444186,27.90
20,2566,VOLTAMP,EQ,54210,28127,51.89
20,2567,VOLTAS,EQ,7208353,2971567,41.22
20,2568,VPRPL,EQ,568165,209315,36.84
20,2569,VRAJ,EQ,21050,11105,52.76
20,2570,VRLLOG,EQ,47341,25460,53.78
20,2571,VSCL,ST,3000,3000,100.00
20,2572,VSSL,EQ,30681,15896,51.81
20,2573,VSTIND,EQ,167600,69333,41.37
20,2574,VSTL,EQ,23695,14313,60.41
20,2575,VSTTILLERS,EQ,7152,2884,40.32
20,2576,VTL,EQ,111848,50606,45.25
20,2577,WAAREEENER,EQ,1607782,309444,19.25
20,2578,WABAG,EQ,418832,163783,39.10
20,2579,WALCHANNAG,EQ,1184796,471231,39.77
20,2580,WALPAR,SM,2000,2000,100.00
20,2581,WANBURY,EQ,90752,53394,58.84
20,2582,WCIL,EQ,132164,65171,49.31
20,2583,WEALTH,EQ,7648,4943,64.63
20,2584,WEIZMANIND,EQ,6420,2752,42.87
20,2585,WEL,EQ,233454,129566,55.50
20,2586,WELCORP,EQ,330044,156351,47.37
20,2587,WELENT,EQ,294418,141592,48.09
20,2588,WELINV,EQ,899,566,62.96
20,2589,WELSPUNLIV,EQ,2185208,978328,44.77
20,2590,WENDT,EQ,1049,529,50.43
20,2591,WESTLIFE,EQ,926561,177467,19.15
20,2592,WEWIN,EQ,4859,3378,69.52
20,2593,WHEELS,EQ,21370,9947,46.55
20,2594,WHIRLPOOL,EQ,1151426,766409,66.56
20,2595,WILLAMAGOR,EQ,2929,2811,95.97
20,2596,WINDLAS,EQ,11477,5825,50.75
20,2597,WINDMACHIN,EQ,131350,61940,47.16
20,2598,WINSOL,SM,16000,12000,75.00
20,2599,WIPRO,EQ,14877076,8297126,55.77
20,2600,WOCKPHARMA,EQ,1445203,478040,33.08
20,2601,WOL3D,SM,1000,1000,100.00
20,2602,WONDERLA,EQ,66714,29764,44.61
20,2603,WORTH,EQ,90514,41176,45.49
20,2604,WSI,EQ,36113,20031,55.47
20,2605,WSTCSTPAPR,EQ,67643,48873,72.25
20,2606,WTICAB,ST,2000,2000,100.00
20,2607,XCHANGING,EQ,114664,54443,47.48
20,2608,XELPMOC,EQ,5768,2064,35.78
20,2609,XPROINDIA,EQ,21962,9828,44.75
20,2610,XTGLOBAL,EQ,41143,30537,74.22
20,2611,YASHO,EQ,14433,10753,74.50
20,2612,YASHOPTICS,SM,22400,17600,78.57
20,2613,YATHARTH,EQ,392592,165646,42.19
20,2614,YATRA,EQ,124186,57432,46.25
20,2615,YESBANK,EQ,60072694,20590491,34.28
20,2616,YUKEN,EQ,17559,12523,71.32
20,2617,ZAGGLE,EQ,443275,232552,52.46
20,2618,ZEAL,SM,1800,1800,100.00
20,2619,ZEEL,EQ,5886880,2281336,38.75
20,2620,ZEELEARN,EQ,518464,281367,54.27
20,2621,ZEEMEDIA,EQ,2732283,1510775,55.29
20,2622,ZENITHDRUG,ST,12800,12800,100.00
20,2623,ZENITHEXPO,EQ,369,289,78.32
20,2624,ZENITHSTL,EQ,104187,66628,63.95
20,2625,ZENSARTECH,EQ,4322067,783290,18.12
20,2626,ZENTEC,EQ,654999,277989,42.44
20,2627,ZFCVINDIA,EQ,11798,8792,74.52
20,2628,ZIMLAB,EQ,24711,16762,67.83
20,2629,ZODIAC,EQ,24275,14501,59.74
20,2630,ZODIACLOTH,EQ,1942,1189,61.23
20,2631,ZOMATO,EQ,70249177,25378189,36.13
20,2632,ZOTA,EQ,58098,20743,35.70
20,2633,ZTECH,ST,6000,6000,100.00
20,2634,ZUARI,EQ,123143,56042,45.51
20,2635,ZUARIIND,EQ,21651,16567,76.52
20,2636,ZYDUSLIFE,EQ,509847,257720,50.55
20,2637,ZYDUSWELL,EQ,20326,11065,54.44
