Security Wise Delivery Position - Compulsory Rolling Settlement
10,MTO,01012025,782413376,0002609
Trade Date <01-JAN-2025>,Settlement Type <N>
Record Type,Sr No,Name of Security,Quantity Traded,Deliverable Quantity(gross across client level),% of Deliverable Quantity to Traded Quantity
20,1,1003IIFL29,NC,151,151,100.00
20,2,1003ISFL28,N4,291,291,100.00
20,3,1003SFIL28,NX,10,10,100.00
20,4,1015ECL29,NR,268,254,94.78
20,5,1015SCL29T,N1,250,250,100.00
20,6,1018GS2026,GS,10,10,100.00
20,7,1025SCL34A,ZT,2,2,100.00
20,8,1025SCL34Z,N1,10,10,100.00
20,9,1030SFIL28,NM,136,78,57.35
20,10,1035UCL26,NA,41,41,100.00
20,11,1050ISFL28,N5,40,40,100.00
20,12,1050NFL26,N7,428,428,100.00
20,13,1050UCL25,N7,10,10,100.00
20,14,105UCL2026,NB,28,28,100.00
20,15,1060ECL29,NS,410,410,100.00
20,16,1065NFL27,NC,1207,1207,100.00
20,17,1075UCL25,N9,3,3,100.00
20,18,10IIFL28,N4,200,200,100.00
20,19,10IIFL28A,NE,124,124,100.00
20,20,10IIFL29,N6,114,114,100.00
20,21,10ISFL26,N3,80,80,100.00
20,22,10NFL25,N9,1,1,100.00
20,23,10NIDO26,N6,205,205,100.00
20,24,182D040425,TB,400,400,100.00
20,25,182D100425,TB,100,100,100.00
20,26,182D140225,TB,500,500,100.00
20,27,360ONE,EQ,227346,84765,37.28
20,28,364D020525,TB,3400,2400,70.59
20,29,364D031025,TB,100,100,100.00
20,30,364D150525,TB,1300,1300,100.00
20,31,364D180425,TB,200,200,100.00
20,32,364D180725,TB,100,100,100.00
20,33,364D200225,TB,1000,1000,100.00
20,34,364D230525,TB,5000,5000,100.00
20,35,3IINFOLTD,EQ,10225354,2883749,28.20
20,36,3MINDIA,EQ,2341,945,40.37
20,37,515GS2025,GS,100,100,100.00
20,38,574GS2026,GS,20,20,100.00
20,39,5PAISA,EQ,39769,17326,43.57
20,40,610GS2031,GS,2000,2000,100.00
20,41,63MOONS,EQ,309165,155321,50.24
20,42,667GS2035,GS,600,600,100.00
20,43,667GS2050,GS,2,2,100.00
20,44,676GS2061,GS,466,466,100.00
20,45,689GS2025,GS,1000,1000,100.00
20,46,695GS2061,GS,3233,3110,96.20
20,47,699GS2026,GS,999,999,100.00
20,48,699GS2051,GS,3,3,100.00
20,49,702GS2027,GS,2451,2350,95.88
20,50,706GS2028,GS,25000,25000,100.00
20,51,709GS2054,GS,1,1,100.00
20,52,710GS2029,GS,2681,2681,100.00
20,53,716GS2050,GS,25,25,100.00
20,54,717GS2030,GS,1005,1005,100.00
20,55,718GS2033,GS,3947,3945,99.95
20,56,718GS2037,GS,400,400,100.00
20,57,719GS2060,GS,80,80,100.00
20,58,71GS2034,GS,1000,1000,100.00
20,59,723GJ27,SG,1000,1000,100.00
20,60,725GS2063,GS,57608,57598,99.98
20,61,726GS2032,GS,1,1,100.00
20,62,729NHAI26,NC,110,110,100.00
20,63,732GS2030,GS,5100,3100,60.78
20,64,732IRFC25,NI,10,10,100.00
20,65,733GS2026,GS,200,200,100.00
20,66,734GS2064,GS,6417,6417,100.00
20,67,734IRFC28,N4,2,1,50.00
20,68,736GS2052,GS,2150,2150,100.00
20,69,736NTPC25D,NB,88,78,88.64
20,70,736PFCL28,N2,300,300,100.00
20,71,737GS2028,GS,14346,9340,65.11
20,72,738GS2027,GS,114589,114589,100.00
20,73,739NHAI26,N8,19,19,100.00
20,74,73GS2053,GS,1500,1500,100.00
20,75,741GS2036,GS,1,1,100.00
20,76,74GS2035,GS,51,51,100.00
20,77,753IRFC30,NJ,825,725,87.88
20,78,753NTPC30E,NC,1,1,100.00
20,79,754GS2036,GS,559467,443267,79.23
20,80,762NTPC35F,ND,30,30,100.00
20,81,764HUDCO31,N8,92,91,98.91
20,82,764IRFC31,NO,1367,858,62.77
20,83,764NABAR31,N2,470,460,97.87
20,84,769HUDCO31,N9,266,266,100.00
20,85,769NHAI31,NE,809,742,91.72
20,86,76IGT26,ND,5,5,100.00
20,87,76NHAI31,NA,1325,850,64.15
20,88,79NHIT40,N2,60,60,100.00
20,89,79NHIT47,N3,656,650,99.09
20,90,810IRFC27,N2,900,900,100.00
20,91,81TCHF28,N8,8,8,100.00
20,92,824GS2027,GS,4,4,100.00
20,93,82HUDCO27,N2,2018,1690,83.75
20,94,82IGT31,NJ,215,215,100.00
20,95,830NHAI27,N2,50,50,100.00
20,96,830PFCL27,N5,30,30,100.00
20,97,840CIFCL28,N4,380,200,52.63
20,98,842IIFL26,NL,50,50,100.00
20,99,849NTPC25,N7,163318,80069,49.03
20,100,84CIFCL28,NA,45,45,100.00
20,101,84TCHF28,NA,48,48,100.00
20,102,850CIFCL26,NE,280,260,92.86
20,103,85LTF26,NM,102,102,100.00
20,104,862REC33,NA,3,3,100.00
20,105,865IFL28,NZ,1359,1359,100.00
20,106,865IIFL28,NS,991,988,99.70
20,107,865IRFC29,NA,1,1,100.00
20,108,865LTF26,NN,5,5,100.00
20,109,865SCL26,N8,38,38,100.00
20,110,865TCAPS27,N8,110,110,100.00
20,111,871REC28,N9,1315,1218,92.62
20,112,875IIFL26,NM,570,355,62.28
20,113,875IIFL26A,NQ,1,1,100.00
20,114,875NHAI29,N6,530,530,100.00
20,115,875PCHFL26,N8,190,190,100.00
20,116,875SCL23A,YI,1,1,100.00
20,117,875SFL27,ZF,1,1,100.00
20,118,876HUDCO28,ND,161,111,68.94
20,119,879NHPC28,N5,1000,1000,100.00
20,120,87LTF27,NH,11,10,90.91
20,121,880IREDA29,N5,100,100,100.00
20,122,885IHL26,N1,71,71,100.00
20,123,885TCAPS29,NC,20,20,100.00
20,124,886REC34,NG,1,1,100.00
20,125,888IRFC29,NE,151,151,100.00
20,126,888REC29,NF,124,124,100.00
20,127,889SCL26,NS,600,600,100.00
20,128,891IIFCL34,N4,476,476,100.00
20,129,892PFCL33,N8,633,446,70.46
20,130,893NHB29,N6,4,4,100.00
20,131,897GS2030,GS,1525,1525,100.00
20,132,897MOFSL29,N4,102,102,100.00
20,133,898LTF29,N7,54,54,100.00
20,134,8ABFL26,N0,10,10,100.00
20,135,901HUDCO34,NE,300,280,93.33
20,136,901NHB34,N6,2547,1676,65.80
20,137,903SFL28,YI,30,30,100.00
20,138,905LTF27,NF,10,10,100.00
20,139,905SC24B,Z9,15,15,100.00
20,140,915SCL26,NE,10,10,100.00
20,141,916SCL25,ZW,51,51,100.00
20,142,920IIFLS26,N8,5,5,100.00
20,143,925AEL26,N1,50,50,100.00
20,144,925IHFL25D,N6,201,201,100.00
20,145,92GS2030,GS,1,1,100.00
20,146,931SFL26,Z5,3,3,100.00
20,147,935LTF29,N5,348,348,100.00
20,148,935PEL33,N3,250,250,100.00
20,149,93MOFSL34,N6,230,230,100.00
20,150,943ECL28,NJ,20,20,100.00
20,151,945IFSL25,N4,61,61,100.00
20,152,948SCL26A,NN,45,45,100.00
20,153,94IFCI25,NL,511,511,100.00
20,154,955SCL27,Z5,14,14,100.00
20,155,956AEL29,N6,5,5,100.00
20,156,957ICCL25,YW,105,105,100.00
20,157,957ISFL26,N2,396,396,100.00
20,158,960CAGL25,N3,16,16,100.00
20,159,965AEL27,N4,2,2,100.00
20,160,965SCL26,YO,8,8,100.00
20,161,96IIFL28,N5,301,201,66.78
20,162,96IIFL28A,NF,423,423,100.00
20,163,96SFIL24A,NB,100,100,100.00
20,164,970CAGL28,ND,746,746,100.00
20,165,971SCL28I,BC,21,21,100.00
20,166,975NFL25,N0,100,100,100.00
20,167,975SCL28,NT,5,5,100.00
20,168,97MOFSL34,N7,50,50,100.00
20,169,980SCL33D,YG,350,350,100.00
20,170,985ECL28,NK,439,439,100.00
20,171,985IIFL22,NC,45,45,100.00
20,172,98SCL27,ZX,20,20,100.00
20,173,98SFIL26,NU,33,33,100.00
20,174,99AEL29,N7,199,199,100.00
20,175,9IIFL28,Y0,280,280,100.00
20,176,9MMFSML,N2,51,51,100.00
20,177,9PEL25,N0,20,20,100.00
20,178,9SFL25A,ZH,5,5,100.00
20,179,AAATECH,EQ,15813,8264,52.26
20,180,AADHARHFC,EQ,268266,166998,62.25
20,181,AAKASH,EQ,76189,49105,64.45
20,182,AARON,EQ,17849,6966,39.03
20,183,AARTECH,EQ,168726,123517,73.21
20,184,AARTIDRUGS,EQ,98194,38543,39.25
20,185,AARTIIND,EQ,861021,326976,37.98
20,186,AARTIPHARM,EQ,798717,229509,28.73
20,187,AARTISURF,EQ,7474,5118,68.48
20,188,AARVI,EQ,8844,5676,64.18
20,189,AATMAJ,SM,42000,26000,61.90
20,190,AAVAS,EQ,52518,32945,62.73
20,191,ABAN,EQ,22636,11643,51.44
20,192,ABB,EQ,74460,24070,32.33
20,193,ABBOTINDIA,EQ,5346,1639,30.66
20,194,ABCAPITAL,EQ,1667032,560213,33.61
20,195,ABCOTS,ST,17500,16500,94.29
20,196,ABDL,EQ,386819,172742,44.66
20,197,ABFRL,EQ,727350,268098,36.86
20,198,ABGSEC,EQ,4215,4111,97.53
20,199,ABHAPOWER,SM,67200,51200,76.19
20,200,ABREL,EQ,54148,20208,37.32
20,201,ABSLAMC,EQ,330793,152456,46.09
20,202,ABSLBANETF,EQ,34152,33628,98.47
20,203,ABSLLIQUID,EQ,4665,4665,100.00
20,204,ABSLNN50ET,EQ,13977,8774,62.77
20,205,ABSLPSE,EQ,945167,540911,57.23
20,206,ABSMARINE,SM,54000,40000,74.07
20,207,ACC,EQ,122193,46780,38.28
20,208,ACCELYA,EQ,8098,4184,51.67
20,209,ACCENTMIC,SM,47000,31500,67.02
20,210,ACCORD,SM,2000,2000,100.00
20,211,ACCURACY,EQ,944377,522924,55.37
20,212,ACE,EQ,1511623,248632,16.45
20,213,ACEINTEG,EQ,5580,2518,45.13
20,214,ACI,EQ,64440,25302,39.26
20,215,ACL,EQ,26971,18669,69.22
20,216,ACLGATI,EQ,134093,68074,50.77
20,217,ACMESOLAR,EQ,371473,133559,35.95
20,218,ADANIENSOL,EQ,1104434,271387,24.57
20,219,ADANIENT,EQ,2875721,709968,24.69
20,220,ADANIGREEN,EQ,1560588,326598,20.93
20,221,ADANIPORTS,EQ,1937930,486715,25.12
20,222,ADANIPOWER,EQ,3063854,538302,17.57
20,223,ADFFOODS,EQ,90368,31344,34.68
20,224,ADL,EQ,1063,705,66.32
20,225,ADORWELD,EQ,16611,11153,67.14
20,226,ADROITPP1,X1,16306,12853,78.82
20,227,ADSL,EQ,253927,108993,42.92
20,228,ADVANIHOTR,EQ,134435,50272,37.40
20,229,ADVENZYMES,EQ,100888,48617,48.19
20,230,AEGISLOG,EQ,133882,57203,42.73
20,231,AEROFLEX,EQ,386548,138721,35.89
20,232,AERON,SM,12000,7000,58.33
20,233,AESTHETIK,SM,6000,6000,100.00
20,234,AETHER,EQ,29048,17290,59.52
20,235,AFCONS,EQ,895342,303335,33.88
20,236,AFFLE,EQ,147674,62953,42.63
20,237,AFFORDABLE,EQ,4566,2746,60.14
20,238,AFIL,EQ,1472272,509825,34.63
20,239,AGARIND,EQ,26909,16173,60.10
20,240,AGARWALFT,SM,3000,3000,100.00
20,241,AGARWALTUF,SM,61200,37200,60.78
20,242,AGI,EQ,62903,24106,38.32
20,243,AGIIL,EQ,2931,1362,46.47
20,244,AGNI,SM,30000,30000,100.00
20,245,AGRITECH,EQ,23449,14462,61.67
20,246,AGROPHOS,EQ,31045,13480,43.42
20,247,AGSTRA,EQ,958741,402855,42.02
20,248,AHIMSA,ST,3000,3000,100.00
20,249,AHL,EQ,118086,62262,52.73
20,250,AHLADA,EQ,17970,9992,55.60
20,251,AHLEAST,EQ,5909,4381,74.14
20,252,AHLUCONT,EQ,16268,7726,47.49
20,253,AIAENG,EQ,279660,271463,97.07
20,254,AIIL,EQ,932721,301061,32.28
20,255,AIMTRON,ST,73600,72400,98.37
20,256,AIRAN,EQ,213710,95780,44.82
20,257,AIROLAM,EQ,20739,6698,32.30
20,258,AIRTELPP,E1,20409,14732,72.18
20,259,AJANTPHARM,EQ,73182,29540,40.37
20,260,AJMERA,EQ,110371,44316,40.15
20,261,AJOONI,EQ,640149,640149,100.00
20,262,AKANKSHA,ST,8000,7000,87.50
20,263,AKASH,EQ,7121,4634,65.08
20,264,AKG,EQ,328876,275004,83.62
20,265,AKI,EQ,140243,86624,61.77
20,266,AKIKO,SM,12800,11200,87.50
20,267,AKSHARCHEM,EQ,4972,2228,44.81
20,268,AKUMS,EQ,152433,52486,34.43
20,269,AKZOINDIA,EQ,6786,2841,41.87
20,270,ALANKIT,EQ,432299,177185,40.99
20,271,ALBERTDAVD,EQ,2421,1534,63.36
20,272,ALEMBICLTD,EQ,217364,84564,38.90
20,273,ALICON,EQ,19436,10096,51.94
20,274,ALKALI,EQ,11940,6533,54.72
20,275,ALKEM,EQ,48323,18986,39.29
20,276,ALKYLAMINE,EQ,39462,14569,36.92
20,277,ALLCARGO,EQ,738819,276931,37.48
20,278,ALLDIGI,EQ,3720,2096,56.34
20,279,ALLETEC,ST,8800,8000,90.91
20,280,ALOKINDS,EQ,5058882,1236525,24.44
20,281,ALPEXSOLAR,SM,28600,17400,60.84
20,282,ALPHA,EQ,764225,533216,69.77
20,283,ALPHAETF,EQ,439755,339510,77.20
20,284,ALPHAGEO,EQ,10578,5443,51.46
20,285,ALPL30IETF,EQ,1088225,931384,85.59
20,286,ALUWIND,SM,31500,15000,47.62
20,287,AMBANIORGO,ST,1000,1000,100.00
20,288,AMBER,EQ,1008620,88598,8.78
20,289,AMBEY,SM,154000,118000,76.62
20,290,AMBICAAGAR,EQ,35775,12688,35.47
20,291,AMBIKCO,EQ,7676,3878,50.52
20,292,AMBUJACEM,EQ,844154,236478,28.01
20,293,AMDIND,EQ,6693,4178,62.42
20,294,AMIABLE,SM,1600,1600,100.00
20,295,AMIORG,EQ,145554,65839,45.23
20,296,AMJLAND,EQ,75617,30512,40.35
20,297,AMNPLST,EQ,18211,9160,50.30
20,298,AMRUTANJAN,EQ,5419,3297,60.84
20,299,ANANDRATHI,EQ,20670,10476,50.68
20,300,ANANTRAJ,EQ,509196,186140,36.56
20,301,ANDHRAPAP,EQ,156718,81313,51.88
20,302,ANDHRSUGAR,EQ,136354,82966,60.85
20,303,ANGELONE,EQ,1591437,234248,14.72
20,304,ANLON,SM,4800,3600,75.00
20,305,ANMOL,EQ,30314,17570,57.96
20,306,ANNAPURNA,SM,227000,169500,74.67
20,307,ANTGRAPHIC,EQ,379589,306505,80.75
20,308,ANUHPHR,EQ,59576,31914,53.57
20,309,ANUP,EQ,17299,7288,42.13
20,310,ANURAS,EQ,35999,8550,23.75
20,311,APARINDS,EQ,55008,23338,42.43
20,312,APCL,EQ,7733,4444,57.47
20,313,APCOTEXIND,EQ,14104,7810,55.37
20,314,APEX,EQ,533021,121286,22.75
20,315,APEXECO,SM,144000,110400,76.67
20,316,APLAPOLLO,EQ,564350,185160,32.81
20,317,APLLTD,EQ,155735,110989,71.27
20,318,APOLLO,EQ,20407186,5643379,27.65
20,319,APOLLOHOSP,EQ,341399,126129,36.94
20,320,APOLLOPIPE,EQ,26003,11685,44.94
20,321,APOLLOTYRE,EQ,452770,125088,27.63
20,322,APOLSINHOT,EQ,869,552,63.52
20,323,APRAMEYA,ST,18000,16000,88.89
20,324,APS,ST,29250,27750,94.87
20,325,APTECHT,EQ,157247,58992,37.52
20,326,APTUS,EQ,273047,120141,44.00
20,327,ARCHIDPLY,EQ,11386,7174,63.01
20,328,ARCHIES,EQ,23457,12293,52.41
20,329,ARE&M,EQ,362201,163187,45.05
20,330,ARHAM,SM,14000,10000,71.43
20,331,ARIHANTACA,ST,800,800,100.00
20,332,ARIHANTCAP,EQ,1291589,323466,25.04
20,333,ARIHANTSUP,EQ,76031,26811,35.26
20,334,ARKADE,EQ,2860569,784804,27.44
20,335,ARMANFIN,EQ,19703,9678,49.12
20,336,AROGRANITE,EQ,32447,9267,28.56
20,337,ARROWGREEN,EQ,17889,9031,50.48
20,338,ARTEMISMED,EQ,42263,18987,44.93
20,339,ARVEE,EQ,445,211,47.42
20,340,ARVIND,EQ,279158,97536,34.94
20,341,ARVINDFASN,EQ,181763,69405,38.18
20,342,ARVINDPORT,ST,15000,15000,100.00
20,343,ARVSMART,EQ,23283,14936,64.15
20,344,ASAHIINDIA,EQ,38714,14444,37.31
20,345,ASAHISONG,EQ,2484,1609,64.77
20,346,ASAL,EQ,9274,4960,53.48
20,347,ASALCBR,EQ,55256,25503,46.15
20,348,ASHALOG,ST,7000,7000,100.00
20,349,ASHAPURMIN,EQ,253814,174370,68.70
20,350,ASHIANA,EQ,52737,21216,40.23
20,351,ASHOKA,EQ,1786346,679279,38.03
20,352,ASHOKLEY,EQ,1927281,442687,22.97
20,353,ASIANENE,EQ,90656,41427,45.70
20,354,ASIANPAINT,EQ,1067329,468179,43.86
20,355,ASIANTILES,EQ,1405210,426878,30.38
20,356,ASKAUTOLTD,EQ,113074,63002,55.72
20,357,ASLIND,SM,12000,12000,100.00
20,358,ASMS,EQ,145329,105581,72.65
20,359,ASPINWALL,EQ,8178,6352,77.67
20,360,ASPIRE,ST,8000,8000,100.00
20,361,ASTEC,EQ,10537,7088,67.27
20,362,ASTERDM,EQ,743423,326263,43.89
20,363,ASTRAL,EQ,101769,40803,40.09
20,364,ASTRAMICRO,EQ,94961,49909,52.56
20,365,ASTRAZEN,EQ,25064,2928,11.68
20,366,ASTRON,EQ,32584,15864,48.69
20,367,ATAM,EQ,6946,4116,59.26
20,368,ATFL,EQ,35427,15741,44.43
20,369,ATGL,EQ,1803892,285541,15.83
20,370,ATL,EQ,205846,111245,54.04
20,371,ATMASTCO,ST,192400,177600,92.31
20,372,ATUL,EQ,15621,3333,21.34
20,373,ATULAUTO,EQ,101355,29925,29.52
20,374,AUBANK,EQ,2127349,836215,39.31
20,375,AURDIS,SM,6250,4375,70.00
20,376,AURIONPRO,EQ,51264,21753,42.43
20,377,AUROIMPEX,SM,14400,9600,66.67
20,378,AUROPHARMA,EQ,949066,495990,52.26
20,379,AURUM,EQ,347446,145947,42.01
20,380,AURUMPP1,E1,21494,17515,81.49
20,381,AUSL,SM,4000,4000,100.00
20,382,AUTOAXLES,EQ,7122,5564,78.12
20,383,AUTOBEES,EQ,97729,35571,36.40
20,384,AUTOIETF,EQ,1410678,1186091,84.08
20,385,AUTOIND,EQ,55510,33550,60.44
20,386,AVADHSUGAR,EQ,48788,25439,52.14
20,387,AVALON,EQ,2304722,618753,26.85
20,388,AVANTEL,EQ,486442,222779,45.80
20,389,AVANTIFEED,EQ,3215893,258672,8.04
20,390,AVG,EQ,31981,18634,58.27
20,391,AVIANSH,ST,26000,26000,100.00
20,392,AVL,EQ,39495,20032,50.72
20,393,AVONMORE,EQ,3827426,2090060,54.61
20,394,AVPINFRA,ST,61600,58400,94.81
20,395,AVTNPL,EQ,30069,17815,59.25
20,396,AWFIS,EQ,106003,32735,30.88
20,397,AWHCL,EQ,67516,34511,51.12
20,398,AWL,EQ,5168533,1697465,32.84
20,399,AXISBANK,EQ,2985355,1535349,51.43
20,400,AXISBNKETF,EQ,338,309,91.42
20,401,AXISBPSETF,EQ,33030,27728,83.95
20,402,AXISCETF,EQ,612,430,70.26
20,403,AXISGOLD,EQ,94440,70856,75.03
20,404,AXISHCETF,EQ,3710,3527,95.07
20,405,AXISILVER,EQ,55531,51394,92.55
20,406,AXISNIFTY,EQ,3534,1993,56.40
20,407,AXISTECETF,EQ,394,317,80.46
20,408,AXITA,EQ,6072238,1432193,23.59
20,409,AXSENSEX,EQ,697,694,99.57
20,410,AYMSYNTEX,EQ,106085,42775,40.32
20,411,AZAD,EQ,384269,159367,41.47
20,412,BABAFP,SM,4800,3200,66.67
20,413,BAHETI,ST,1875,1875,100.00
20,414,BAIDFIN,EQ,4143620,1781995,43.01
20,415,BAJAJ-AUTO,EQ,558535,203780,36.48
20,416,BAJAJCON,EQ,104629,44724,42.75
20,417,BAJAJELEC,EQ,16043,7681,47.88
20,418,BAJAJFINSV,EQ,464064,187669,40.44
20,419,BAJAJHCARE,EQ,3746930,442814,11.82
20,420,BAJAJHFL,EQ,5238958,2520858,48.12
20,421,BAJAJHIND,EQ,5997269,1752495,29.22
20,422,BAJAJHLDNG,EQ,60912,12627,20.73
20,423,BAJEL,EQ,416256,176090,42.30
20,424,BAJFINANCE,EQ,418721,188732,45.07
20,425,BALAJEE,EQ,127650,99684,78.09
20,426,BALAMINES,EQ,43428,14860,34.22
20,427,BALAXI,EQ,22426,18011,80.31
20,428,BALCO,ST,1200,1200,100.00
20,429,BALKRISHNA,EQ,58406,40681,69.65
20,430,BALKRISIND,EQ,139805,47922,34.28
20,431,BALMLAWRIE,EQ,96394,46193,47.92
20,432,BALRAMCHIN,EQ,574613,110109,19.16
20,433,BALUFORGE,EQ,166259,72655,43.70
20,434,BANARISUG,EQ,138,53,38.41
20,435,BANCOINDIA,EQ,686076,150335,21.91
20,436,BANDHANBNK,EQ,3631951,1398647,38.51
20,437,BANKA,EQ,10597,3181,30.02
20,438,BANKBARODA,EQ,4349210,1448370,33.30
20,439,BANKBEES,EQ,486535,252889,51.98
20,440,BANKBETF,EQ,3019,2231,73.90
20,441,BANKETF,EQ,1804,1048,58.09
20,442,BANKETFADD,EQ,2555,1990,77.89
20,443,BANKIETF,EQ,610560,321457,52.65
20,444,BANKINDIA,EQ,3260501,1110185,34.05
20,445,BANKNIFTY1,EQ,53989,33256,61.60
20,446,BANKPSU,EQ,592,542,91.55
20,447,BANSALWIRE,EQ,47190,27072,57.37
20,448,BANSWRAS,EQ,11106,7321,65.92
20,449,BARBEQUE,EQ,38460,23072,59.99
20,450,BASF,EQ,15563,5068,32.56
20,451,BASILIC,ST,20100,19800,98.51
20,452,BASML,EQ,51569,36154,70.11
20,453,BATAINDIA,EQ,91829,22915,24.95
20,454,BAWEJA,SM,22400,16000,71.43
20,455,BAYERCROP,EQ,4859,2013,41.43
20,456,BBETF0432,EQ,391,288,73.66
20,457,BBL,EQ,9555,4252,44.50
20,458,BBNPNBETF,EQ,650,524,80.62
20,459,BBNPPGOLD,EQ,176,150,85.23
20,460,BBOX,EQ,406015,240881,59.33
20,461,BBTC,EQ,453550,37734,8.32
20,462,BBTCL,EQ,3401,1404,41.28
20,463,BCLIND,EQ,539910,261549,48.44
20,464,BCONCEPTS,EQ,7043,4261,60.50
20,465,BDL,EQ,193054,86641,44.88
20,466,BEACON,SM,15000,13000,86.67
20,467,BEARDSELL,EQ,110114,70277,63.82
20,468,BECTORFOOD,EQ,138380,115097,83.17
20,469,BEDMUTHA,EQ,10607,8133,76.68
20,470,BEL,EQ,6954271,2705640,38.91
20,471,BEML,EQ,99363,20589,20.72
20,472,BEPL,EQ,236043,99888,42.32
20,473,BERGEPAINT,EQ,811891,213545,26.30
20,474,BESTAGRO,EQ,17690,10037,56.74
20,475,BETA,SM,3000,1900,63.33
20,476,BEWLTD,ST,8000,8000,100.00
20,477,BFINVEST,EQ,31613,15979,50.55
20,478,BFSI,EQ,1165434,1136938,97.55
20,479,BHAGCHEM,EQ,99579,68751,69.04
20,480,BHAGYANGR,EQ,22107,15337,69.38
20,481,BHANDARI,EQ,545208,357178,65.51
20,482,BHARATFORG,EQ,358152,184378,51.48
20,483,BHARATGEAR,EQ,20944,13030,62.21
20,484,BHARATRAS,EQ,1307,780,59.68
20,485,BHARATWIRE,EQ,97023,62328,64.24
20,486,BHARTIARTL,EQ,1405565,614923,43.75
20,487,BHARTIHEXA,EQ,354487,288167,81.29
20,488,BHEL,EQ,7758093,2554531,32.93
20,489,BHINVIT,IV,25088,21321,84.98
20,490,BIGBLOC,EQ,211549,120123,56.78
20,491,BIKAJI,EQ,425255,212960,50.08
20,492,BIKEWO,SM,64000,42000,65.63
20,493,BINANIIND,EQ,17457,15075,86.36
20,494,BIOCON,EQ,1559938,502344,32.20
20,495,BIOFILCHEM,EQ,52683,25012,47.48
20,496,BIRET,RR,548603,512381,93.40
20,497,BIRLACABLE,EQ,16751,9286,55.44
20,498,BIRLACORPN,EQ,29282,12009,41.01
20,499,BLACKBUCK,EQ,223057,94223,42.24
20,500,BLAL,EQ,38560,22800,59.13
20,501,BLBLIMITED,EQ,49112,40264,81.98
20,502,BLISSGVS,EQ,5190261,706261,13.61
20,503,BLKASHYAP,EQ,189266,112501,59.44
20,504,BLS,EQ,1179589,454036,38.49
20,505,BLSE,EQ,153551,61486,40.04
20,506,BLUEDART,EQ,15694,2322,14.80
20,507,BLUEJET,EQ,203224,97685,48.07
20,508,BLUEPEBBLE,SM,3600,3200,88.89
20,509,BLUESTARCO,EQ,2764672,306403,11.08
20,510,BMETRICS,SM,3200,3200,100.00
20,511,BODALCHEM,EQ,188255,78582,41.74
20,512,BOMDYEING,EQ,1785480,470103,26.33
20,513,BOROLTD,EQ,155640,67108,43.12
20,514,BOROSCI,EQ,245157,50974,20.79
20,515,BOSCHLTD,EQ,7620,2996,39.32
20,516,BOSS,ST,4000,4000,100.00
20,517,BPCL,EQ,3545200,1112280,31.37
20,518,BPL,EQ,345877,134674,38.94
20,519,BRACEPORT,ST,6400,6400,100.00
20,520,BRIGADE,EQ,41316,13189,31.92
20,521,BRITANNIA,EQ,87260,36912,42.30
20,522,BRNL,EQ,19481,11553,59.30
20,523,BSE,EQ,824463,220742,26.77
20,524,BSE500IETF,EQ,71991,53449,74.24
20,525,BSHSL,EQ,4746,2196,46.27
20,526,BSL,EQ,27117,11543,42.57
20,527,BSLGOLDETF,EQ,37065,19771,53.34
20,528,BSLNIFTY,EQ,130706,82012,62.75
20,529,BSLSENETFG,EQ,701,448,63.91
20,530,BSOFT,EQ,806958,238821,29.60
20,531,BTML,EQ,120081,64646,53.84
20,532,BULKCORP,SM,3600,3600,100.00
20,533,BURNPUR,EQ,85926,59770,69.56
20,534,BUTTERFLY,EQ,5478,3421,62.45
20,535,BVCL,EQ,20754,13107,63.15
20,536,C2C,SM,28200,25800,91.49
20,537,CADSYS,ST,30500,28000,91.80
20,538,CAGL25,N8,200,200,100.00
20,539,CAGL27A,N6,50,50,100.00
20,540,CALSOFT,EQ,33265,23452,70.50
20,541,CAMLINFINE,EQ,8357177,2640932,31.60
20,542,CAMPUS,EQ,797064,202256,25.38
20,543,CAMS,EQ,286808,110153,38.41
20,544,CANARYS,SM,120000,68000,56.67
20,545,CANBK,EQ,9259122,1756898,18.97
20,546,CANFINHOME,EQ,1241318,688104,55.43
20,547,CANTABIL,EQ,377582,161639,42.81
20,548,CAPACITE,EQ,276498,130895,47.34
20,549,CAPITALSFB,EQ,27211,13368,49.13
20,550,CAPLIPOINT,EQ,157454,30257,19.22
20,551,CARBORUNIV,EQ,75545,56505,74.80
20,552,CAREERP,EQ,4836,2720,56.24
20,553,CARERATING,EQ,28212,15485,54.89
20,554,CARRARO,EQ,383912,125502,32.69
20,555,CARTRADE,EQ,166638,33332,20.00
20,556,CARYSIL,EQ,26005,13608,52.33
20,557,CASTROLIND,EQ,6197651,1060140,17.11
20,558,CBAZAAR,SM,192000,136000,70.83
20,559,CCHHL,EQ,50656,39688,78.35
20,560,CCL,EQ,69228,33296,48.10
20,561,CDSL,EQ,2831813,583433,20.60
20,562,CEATLTD,EQ,55318,14786,26.73
20,563,CEIGALL,EQ,96647,36782,38.06
20,564,CELEBRITY,EQ,58106,33518,57.68
20,565,CELLECOR,SM,765000,723000,94.51
20,566,CELLO,EQ,48906,27836,56.92
20,567,CELLPOINT,SM,14400,13200,91.67
20,568,CENTENKA,EQ,12974,5983,46.12
20,569,CENTEXT,EQ,69934,39894,57.05
20,570,CENTRALBK,EQ,1709308,475709,27.83
20,571,CENTRUM,EQ,221947,105947,47.74
20,572,CENTUM,EQ,23950,9025,37.68
20,573,CENTURYPLY,EQ,3720942,279969,7.52
20,574,CERA,EQ,7056,1392,19.73
20,575,CESC,EQ,2358037,907981,38.51
20,576,CEWATER,EQ,464444,139241,29.98
20,577,CGCL,EQ,34985,16896,48.29
20,578,CGPOWER,EQ,1120881,474788,42.36
20,579,CGRAPHICS,SM,164000,104800,63.90
20,580,CHALET,EQ,465915,117336,25.18
20,581,CHAMBLFERT,EQ,800185,148485,18.56
20,582,CHAVDA,SM,53000,31000,58.49
20,583,CHEMBOND,EQ,10046,5009,49.86
20,584,CHEMCON,EQ,26449,14630,55.31
20,585,CHEMFAB,EQ,7271,3189,43.86
20,586,CHEMPLASTS,EQ,33799,14815,43.83
20,587,CHENNPETRO,EQ,1455082,229826,15.79
20,588,CHETANA,SM,11200,8000,71.43
20,589,CHEVIOT,EQ,1221,736,60.28
20,590,CHOICEIN,EQ,324548,64754,19.95
20,591,CHOLAFIN,EQ,587931,313482,53.32
20,592,CHOLAHLDNG,EQ,106851,66245,62.00
20,593,CIEINDIA,EQ,371560,95790,25.78
20,594,CIFC26,NK,5,5,100.00
20,595,CIFCZC25A,N1,120,120,100.00
20,596,CIGNITITEC,EQ,104524,41261,39.48
20,597,CINEVISTA,EQ,90052,23354,25.93
20,598,CIPLA,EQ,1578715,927453,58.75
20,599,CLEAN,EQ,1050404,166209,15.82
20,600,CLEDUCATE,EQ,45852,14660,31.97
20,601,CLOUD,SZ,73000,69000,94.52
20,602,CLSEL,EQ,233529,60559,25.93
20,603,CLSL,SM,12000,12000,100.00
20,604,CMMIPL,SZ,15000,15000,100.00
20,605,CMNL,ST,10500,10500,100.00
20,606,CMSINFO,EQ,173261,72127,41.63
20,607,COALINDIA,EQ,3584876,1905519,53.15
20,608,COASTCORP,EQ,45059,26777,59.43
20,609,COCHINSHIP,EQ,359906,164136,45.61
20,610,COFORGE,EQ,159715,46405,29.05
20,611,COLPAL,EQ,396200,219975,55.52
20,612,COMMITTED,ST,27200,19200,70.59
20,613,COMMOIETF,EQ,50918,45160,88.69
20,614,COMPUSOFT,EQ,55168,33319,60.40
20,615,CONCOR,EQ,443075,192858,43.53
20,616,CONCORDBIO,EQ,135544,50696,37.40
20,617,CONFIPET,EQ,759092,286812,37.78
20,618,CONS,EQ,1484,929,62.60
20,619,CONSOFINVT,EQ,5675,2741,48.30
20,620,CONSUMBEES,EQ,74668,43754,58.60
20,621,CONSUMER,EQ,53558,47003,87.76
20,622,CONSUMIETF,EQ,13609,11353,83.42
20,623,CONTI,ST,16665,16665,100.00
20,624,CONTROLPR,EQ,35299,23430,66.38
20,625,COOLCAPS,ST,7500,7250,96.67
20,626,CORALFINAC,EQ,84433,57835,68.50
20,627,CORDSCABLE,EQ,17232,9364,54.34
20,628,COROMANDEL,EQ,822664,362626,44.08
20,629,COSMOFIRST,EQ,61265,20677,33.75
20,630,COUNCODOS,EQ,82233,64417,78.33
20,631,CPSEETF,EQ,844060,428067,50.72
20,632,CRAFTSMAN,EQ,11261,3888,34.53
20,633,CRAYONS,SM,5000,3000,60.00
20,634,CREATIVE,EQ,3805,2441,64.15
20,635,CREDITACC,EQ,115229,38778,33.65
20,636,CREST,EQ,5863,3174,54.14
20,637,CRISIL,EQ,254169,37338,14.69
20,638,CROMPTON,EQ,3413601,1291896,37.85
20,639,CROWN,EQ,24484,16600,67.80
20,640,CSBBANK,EQ,112984,47528,42.07
20,641,CSLFINANCE,EQ,20230,8437,41.71
20,642,CTE,EQ,18587,10581,56.93
20,643,CUB,EQ,548481,103952,18.95
20,644,CUBEXTUB,EQ,30247,19268,63.70
20,645,CUMMINSIND,EQ,254916,150861,59.18
20,646,CUPID,EQ,169629,82838,48.83
20,647,CYBERMEDIA,EQ,29762,7923,26.62
20,648,CYIENT,EQ,335107,176735,52.74
20,649,CYIENTDLM,EQ,86458,41569,48.08
20,650,DABUR,EQ,1065540,589931,55.36
20,651,DALBHARAT,EQ,100730,58939,58.51
20,652,DALMIASUG,EQ,126983,56994,44.88
20,653,DAMCAPITAL,EQ,3279660,716516,21.85
20,654,DAMODARIND,EQ,2888,1667,57.72
20,655,DANGEE,EQ,1168513,460728,39.43
20,656,DANISH,SM,96600,53400,55.28
20,657,DATAMATICS,EQ,67067,41446,61.80
20,658,DATAPATTNS,EQ,69178,18751,27.11
20,659,DAVANGERE,EQ,5239446,1799906,34.35
20,660,DBCORP,EQ,53086,20201,38.05
20,661,DBEIL,EQ,262328,78236,29.82
20,662,DBL,EQ,77671,28223,36.34
20,663,DBOL,EQ,113641,37368,32.88
20,664,DBREALTY,EQ,2151144,1028009,47.79
20,665,DBSTOCKBRO,EQ,634634,85950,13.54
20,666,DCAL,EQ,1570576,398601,25.38
20,667,DCBBANK,EQ,670401,340135,50.74
20,668,DCG,SM,24000,13200,55.00
20,669,DCI,EQ,160037,107990,67.48
20,670,DCM,EQ,41820,20212,48.33
20,671,DCMNVL,EQ,7243,4275,59.02
20,672,DCMSHRIRAM,EQ,44395,16725,37.67
20,673,DCMSRIND,EQ,234786,105319,44.86
20,674,DCW,EQ,1023826,416941,40.72
20,675,DCXINDIA,EQ,1232041,662877,53.80
20,676,DECCANCE,EQ,8299,7291,87.85
20,677,DECCANTRAN,ST,2400,2400,100.00
20,678,DEEDEV,EQ,145501,48651,33.44
20,679,DEEM,SM,3000,2000,66.67
20,680,DEEPAKFERT,EQ,530412,117232,22.10
20,681,DEEPAKNTR,EQ,54938,16254,29.59
20,682,DEEPINDS,EQ,111058,41917,37.74
20,683,DELAPLEX,SM,3600,3600,100.00
20,684,DELHIVERY,EQ,628531,258839,41.18
20,685,DELTACORP,EQ,564075,227167,40.27
20,686,DELTAMAGNT,EQ,37025,18474,49.90
20,687,DEN,EQ,716792,200382,27.96
20,688,DENEERS,ST,5400,4800,88.89
20,689,DENORA,EQ,11433,5738,50.19
20,690,DENTALKART,SM,5250,3500,66.67
20,691,DESTINY,ST,19500,19500,100.00
20,692,DEVIT,EQ,141247,53454,37.84
20,693,DEVYANI,EQ,947701,233056,24.59
20,694,DHAMPURSUG,EQ,230194,88999,38.66
20,695,DHANI,EQ,2173847,1058351,48.69
20,696,DHANLAXMI,SM,354000,174000,49.15
20,697,DHANUKA,EQ,21634,12306,56.88
20,698,DHARIWAL,SM,1200,1200,100.00
20,699,DHARMAJ,EQ,90176,35304,39.15
20,700,DHRUV,EQ,13757,7243,52.65
20,701,DHTL,ST,10400,8800,84.62
20,702,DHUNINV,EQ,428,208,48.60
20,703,DIAMINESQ,EQ,1373,897,65.33
20,704,DIAMONDYD,EQ,163160,80076,49.08
20,705,DICIND,EQ,3925,3418,87.08
20,706,DIFFNKG,EQ,62670,45302,72.29
20,707,DIGIDRIVE,EQ,118700,61472,51.79
20,708,DIGIKORE,ST,7600,7400,97.37
20,709,DIGISPICE,EQ,119219,78304,65.68
20,710,DISHTV,EQ,6098798,1552462,25.46
20,711,DIVGIITTS,EQ,5367,2471,46.04
20,712,DIVISLAB,EQ,116675,60992,52.28
20,713,DIVOPPBEES,EQ,37001,24463,66.11
20,714,DIXON,EQ,157078,59159,37.66
20,715,DLF,EQ,929268,289385,31.14
20,716,DLINKINDIA,EQ,167267,70407,42.09
20,717,DMART,EQ,241116,124353,51.57
20,718,DNAMEDIA,EQ,174423,98546,56.50
20,719,DODLA,EQ,20615,9625,46.69
20,720,DOLATALGO,EQ,188755,76787,40.68
20,721,DOLLAR,EQ,98543,77170,78.31
20,722,DOLLEX,SM,4000,4000,100.00
20,723,DOMS,EQ,192641,116248,60.34
20,724,DONEAR,EQ,697806,232315,33.29
20,725,DPABHUSHAN,EQ,46023,22131,48.09
20,726,DPEL,ST,19500,19500,100.00
20,727,DPSCLTD,EQ,135256,79825,59.02
20,728,DPWIRES,EQ,26165,12531,47.89
20,729,DRCSYSTEMS,EQ,174993,81876,46.79
20,730,DREAMFOLKS,EQ,66560,36080,54.21
20,731,DREDGECORP,EQ,15782,5778,36.61
20,732,DRONE,ST,174000,160000,91.95
20,733,DRREDDY,EQ,1658723,678622,40.91
20,734,DSSL,EQ,133753,35905,26.84
20,735,DTIL,EQ,42304,17473,41.30
20,736,DTL,SM,27600,24000,86.96
20,737,DUCOL,SM,3200,3200,100.00
20,738,DUCON,EQ,564664,269039,47.65
20,739,DUGLOBAL,SM,2500,2500,100.00
20,740,DURLAX,SM,28000,16000,57.14
20,741,DVL,EQ,13552,7778,57.39
20,742,DWARKESH,EQ,697195,295244,42.35
20,743,DYCL,EQ,24951,14361,57.56
20,744,DYNAMATECH,EQ,17136,6356,37.09
20,745,DYNAMIC,ST,21500,21500,100.00
20,746,DYNPRO,EQ,6778,3011,44.42
20,747,EASEMYTRIP,EQ,33522631,9904437,29.55
20,748,EBANKNIFTY,EQ,253,249,98.42
20,749,EBBETF0425,EQ,20879,20499,98.18
20,750,EBBETF0430,EQ,3939,2726,69.21
20,751,EBBETF0431,EQ,6887,6244,90.66
20,752,EBBETF0433,EQ,784,645,82.27
20,753,ECLERX,EQ,273340,95300,34.87
20,754,ECOSMOBLTY,EQ,64902,27026,41.64
20,755,EDELWEISS,EQ,1195745,472180,39.49
20,756,EFACTOR,ST,3200,3200,100.00
20,757,EFFWA,ST,14800,14800,100.00
20,758,EFORCE,SM,26400,16800,63.64
20,759,EGOLD,EQ,4605,2945,63.95
20,760,EICHERMOT,EQ,290234,108238,37.29
20,761,EIDPARRY,EQ,202520,64282,31.74
20,762,EIEL,EQ,7709842,1266564,16.43
20,763,EIFFL,EQ,18071,14185,78.50
20,764,EIHAHOTELS,EQ,307324,94218,30.66
20,765,EIHOTEL,EQ,1609495,586317,36.43
20,766,EIMCOELECO,EQ,6866,3655,53.23
20,767,EKC,EQ,592809,182273,30.75
20,768,ELDEHSG,EQ,675,415,61.48
20,769,ELECON,EQ,177415,74287,41.87
20,770,ELECTCAST,EQ,702570,318228,45.29
20,771,ELGIEQUIP,EQ,75023,34577,46.09
20,772,ELIN,EQ,85623,41939,48.98
20,773,EMAMILTD,EQ,254795,113420,44.51
20,774,EMAMIPAP,EQ,37123,19367,52.17
20,775,EMBASSY,RR,233832,222053,94.96
20,776,EMBDL,EQ,7065255,1839206,26.03
20,777,EMCURE,EQ,41990,21927,52.22
20,778,EMIL,EQ,228530,109190,47.78
20,779,EMKAYTOOLS,SM,2100,1950,92.86
20,780,EMMBI,EQ,450119,109784,24.39
20,781,EMMIL,ST,7250,6500,89.66
20,782,EMSLIMITED,EQ,256437,93561,36.48
20,783,EMUDHRA,EQ,68914,21857,31.72
20,784,EMULTIMQ,EQ,19504,12630,64.76
20,785,ENDURANCE,EQ,89548,37915,42.34
20,786,ENFUSE,ST,12000,10800,90.00
20,787,ENGINERSIN,EQ,1125128,376445,33.46
20,788,ENIL,EQ,11941,8668,72.59
20,789,ENSER,ST,6000,6000,100.00
20,790,ENTERO,EQ,11560,5946,51.44
20,791,ENVIRO,SM,116000,62000,53.45
20,792,EPACK,EQ,307314,260011,84.61
20,793,EPIGRAL,EQ,25087,9449,37.66
20,794,EPL,EQ,503663,167128,33.18
20,795,EQUAL50ADD,EQ,22022,21329,96.85
20,796,EQUITASBNK,EQ,1746045,1122658,64.30
20,797,ERIS,EQ,96108,55655,57.91
20,798,ESABINDIA,EQ,807,396,49.07
20,799,ESAFSFB,EQ,691389,313068,45.28
20,800,ESCONET,ST,13600,12800,94.12
20,801,ESCORTS,EQ,374951,78567,20.95
20,802,ESFL,ST,120960,107280,88.69
20,803,ESG,EQ,2117,1645,77.70
20,804,ESILVER,EQ,67012,66848,99.76
20,805,ESPRIT,SM,134400,83200,61.90
20,806,ESTER,EQ,139185,43983,31.60
20,807,ETHOSLTD,EQ,25086,12175,48.53
20,808,ETML,SM,94800,55200,58.23
20,809,EUREKAFORB,EQ,132564,88536,66.79
20,810,EUROBOND,SM,21000,16000,76.19
20,811,EVEREADY,EQ,66309,23323,35.17
20,812,EVERESTIND,EQ,6054,2672,44.14
20,813,EVINDIA,EQ,171054,139077,81.31
20,814,EXCELINDUS,EQ,42233,13820,32.72
20,815,EXICOM,EQ,216540,111992,51.72
20,816,EXIDEIND,EQ,2319841,706066,30.44
20,817,EXPLEOSOL,EQ,5653,3306,58.48
20,818,EXXARO,EQ,796657,359172,45.08
20,819,FACT,EQ,508232,97259,19.14
20,820,FAIRCHEMOR,EQ,24605,10929,44.42
20,821,FALCONTECH,SM,4800,3600,75.00
20,822,FAZE3Q,EQ,5505,3862,70.15
20,823,FCL,EQ,205513,67915,33.05
20,824,FCSSOFT,EQ,3261511,1456525,44.66
20,825,FDC,EQ,52566,30031,57.13
20,826,FEDERALBNK,EQ,4148526,1533192,36.96
20,827,FEDFINA,EQ,457288,210254,45.98
20,828,FELIX,ST,7000,7000,100.00
20,829,FIBERWEB,EQ,134075,79641,59.40
20,830,FIDEL,SM,10000,6000,60.00
20,831,FIEMIND,EQ,28491,13696,48.07
20,832,FILATEX,EQ,1029833,201643,19.58
20,833,FINCABLES,EQ,70412,27093,38.48
20,834,FINEORG,EQ,19457,8442,43.39
20,835,FINIETF,EQ,58679,31944,54.44
20,836,FINOPB,EQ,47729,20551,43.06
20,837,FINPIPE,EQ,690211,212898,30.85
20,838,FIRSTCRY,EQ,195834,43889,22.41
20,839,FIVESTAR,EQ,511537,116776,22.83
20,840,FLAIR,EQ,89384,61065,68.32
20,841,FLUOROCHEM,EQ,59655,23158,38.82
20,842,FMCGIETF,EQ,484100,285470,58.97
20,843,FMGOETZE,EQ,15850,8815,55.62
20,844,FOCUS,EQ,85750,53633,62.55
20,845,FONEBOX,SM,8000,7000,87.50
20,846,FOODSIN,EQ,31726,12570,39.62
20,847,FORCAS,ST,17600,17600,100.00
20,848,FORCEMOT,EQ,8110,4146,51.12
20,849,FORGEAUTO,SM,130800,74400,56.88
20,850,FORTIS,EQ,984457,526512,53.48
20,851,FOSECOIND,EQ,757,392,51.78
20,852,FRESHARA,ST,133200,126000,94.59
20,853,FROG,SM,30400,15200,50.00
20,854,FSL,EQ,2651154,875770,33.03
20,855,FUSION,EQ,103966,43111,41.47
20,856,GABRIEL,EQ,308152,75800,24.60
20,857,GAEL,EQ,255379,119158,46.66
20,858,GAIL,EQ,3721986,1142481,30.70
20,859,GAJANAND,ST,33000,30000,90.91
20,860,GALAPREC,EQ,185448,31556,17.02
20,861,GALAXYSURF,EQ,11132,6691,60.11
20,862,GALLANTT,EQ,36396,20530,56.41
20,863,GANDHAR,EQ,62813,28693,45.68
20,864,GANDHITUBE,EQ,2110,1095,51.90
20,865,GANECOS,EQ,41931,14751,35.18
20,866,GANESHBE,EQ,44635,26403,59.15
20,867,GANESHHOUC,EQ,105951,21315,20.12
20,868,GANESHIN,SM,241600,134400,55.63
20,869,GANGAFORGE,EQ,5582600,1210388,21.68
20,870,GANGESSECU,EQ,10707,4011,37.46
20,871,GARFIBRES,EQ,64051,42314,66.06
20,872,GARUDA,EQ,3814548,828788,21.73
20,873,GATEWAY,EQ,728717,307730,42.23
20,874,GEECEE,EQ,31778,18210,57.30
20,875,GEEKAYWIRE,EQ,39682,24945,62.86
20,876,GENCON,EQ,143146,76784,53.64
20,877,GENESYS,EQ,464803,162022,34.86
20,878,GENSOL,EQ,124676,64771,51.95
20,879,GENUSPAPER,EQ,185034,87197,47.12
20,880,GENUSPOWER,EQ,542469,270443,49.85
20,881,GEOJITFSL,EQ,202774,98758,48.70
20,882,GEPIL,EQ,78965,41514,52.57
20,883,GESHIP,EQ,119604,50481,42.21
20,884,GFLLIMITED,EQ,80186,33905,42.28
20,885,GGBL,SM,45300,25200,55.63
20,886,GHCL,EQ,825486,246411,29.85
20,887,GHCLTEXTIL,EQ,209483,100803,48.12
20,888,GICHSGFIN,EQ,66020,25091,38.01
20,889,GICL,ST,19500,19500,100.00
20,890,GICRE,EQ,4589823,398697,8.69
20,891,GILLETTE,EQ,12807,5915,46.19
20,892,GILT5YBEES,EQ,608116,487632,80.19
20,893,GINNIFILA,EQ,731016,454216,62.13
20,894,GIPCL,EQ,262943,97576,37.11
20,895,GKWLIMITED,EQ,653,355,54.36
20,896,GLAND,EQ,149613,82594,55.21
20,897,GLAXO,EQ,23429,10242,43.72
20,898,GLENMARK,EQ,181712,43474,23.92
20,899,GLOBAL,EQ,30234,16580,54.84
20,900,GLOBE,EQ,6208507,3890916,62.67
20,901,GLOBUSSPR,EQ,22931,9533,41.57
20,902,GLOSTERLTD,EQ,881,656,74.46
20,903,GLS,EQ,96027,23482,24.45
20,904,GMBREW,EQ,31787,13223,41.60
20,905,GMDCLTD,EQ,347324,129488,37.28
20,906,GMMPFAUDLR,EQ,53714,33252,61.91
20,907,GMRAIRPORT,EQ,3400151,1420371,41.77
20,908,GMRP&UI,EQ,3833824,1620846,42.28
20,909,GNA,EQ,18492,10837,58.60
20,910,GNFC,EQ,351983,75399,21.42
20,911,GOACARBON,EQ,20160,6727,33.37
20,912,GOCLCORP,EQ,26488,15276,57.67
20,913,GOCOLORS,EQ,12726,5612,44.10
20,914,GODAVARIB,EQ,65769,25741,39.14
20,915,GODFRYPHLP,EQ,209300,66028,31.55
20,916,GODIGIT,EQ,31034499,2401346,7.74
20,917,GODREJAGRO,EQ,68352,25286,36.99
20,918,GODREJCP,EQ,165498,74309,44.90
20,919,GODREJIND,EQ,139588,44389,31.80
20,920,GODREJPROP,EQ,204242,48401,23.70
20,921,GOKEX,EQ,95327,46835,49.13
20,922,GOKULAGRO,EQ,289266,120756,41.75
20,923,GOLD1,EQ,184968,154453,83.50
20,924,GOLDBEES,EQ,9543477,6991133,73.26
20,925,GOLDCASE,EQ,934677,839511,89.82
20,926,GOLDETF,EQ,272040,183488,67.45
20,927,GOLDETFADD,EQ,15769,15217,96.50
20,928,GOLDIAM,EQ,372355,156208,41.95
20,929,GOLDIETF,EQ,1923427,1771397,92.10
20,930,GOLDKART,ST,1875,1875,100.00
20,931,GOLDSHARE,EQ,41030,30572,74.51
20,932,GOLDSTAR,SM,33750,22500,66.67
20,933,GOODLUCK,EQ,97181,48379,49.78
20,934,GOPAL,EQ,465454,177890,38.22
20,935,GOYALALUM,EQ,480069,262794,54.74
20,936,GOYALSALT,SM,13200,8400,63.64
20,937,GPECO,ST,13200,10800,81.82
20,938,GPIL,EQ,2607718,681144,26.12
20,939,GPPL,EQ,283938,135363,47.67
20,940,GPTHEALTH,EQ,78805,54521,69.18
20,941,GPTINFRA,EQ,49995,17824,35.65
20,942,GRANULES,EQ,622617,257391,41.34
20,943,GRAPHISAD,ST,7200,7200,100.00
20,944,GRAPHITE,EQ,600889,143089,23.81
20,945,GRASIM,EQ,487637,269775,55.32
20,946,GRAVITA,EQ,133112,49724,37.36
20,947,GRCL,ST,500,500,100.00
20,948,GREAVESCOT,EQ,10703027,1755312,16.40
20,949,GREENCHEF,SM,76800,54400,70.83
20,950,GREENLAM,EQ,24972,8363,33.49
20,951,GREENPANEL,EQ,105938,37348,35.25
20,952,GREENPLY,EQ,161356,38326,23.75
20,953,GREENPOWER,EQ,3313370,2070974,62.50
20,954,GRINDWELL,EQ,15852,7546,47.60
20,955,GRINFRA,EQ,3937,1737,44.12
20,956,GRMOVER,EQ,89561,40517,45.24
20,957,GROBTEA,EQ,762,532,69.82
20,958,GROWWDEFNC,EQ,54149,37057,68.44
20,959,GROWWEV,EQ,357364,260822,72.98
20,960,GROWWGOLD,EQ,47459,17828,37.57
20,961,GROWWLIQID,EQ,98175,78479,79.94
20,962,GRPLTD,EQ,3271,2074,63.41
20,963,GRSE,EQ,428606,89033,20.77
20,964,GRWRHITECH,EQ,38013,12725,33.48
20,965,GSEC10ABSL,EQ,3,3,100.00
20,966,GSEC10IETF,EQ,113,101,89.38
20,967,GSEC10YEAR,EQ,764,711,93.06
20,968,GSEC5IETF,EQ,4167,2281,54.74
20,969,GSFC,EQ,2304961,601438,26.09
20,970,GSLSU,EQ,108806,92212,84.75
20,971,GSMFOILS,ST,12000,12000,100.00
20,972,GSPL,EQ,972532,761296,78.28
20,973,GSS,EQ,133650,74173,55.50
20,974,GSTL,SM,20000,20000,100.00
20,975,GTL,EQ,992959,295635,29.77
20,976,GTLINFRA,EQ,76105981,21306688,28.00
20,977,GTPL,EQ,11376,4826,42.42
20,978,GUFICBIO,EQ,43134,18095,41.95
20,979,GUJALKALI,EQ,20021,7862,39.27
20,980,GUJAPOLLO,EQ,5278,3114,59.00
20,981,GUJGASLTD,EQ,298004,65723,22.05
20,982,GULFOILLUB,EQ,35623,15469,43.42
20,983,GULFPETRO,EQ,206406,85611,41.48
20,984,GULPOLY,EQ,60168,28169,46.82
20,985,GVPTECH,EQ,68793,63435,92.21
20,986,HAL,EQ,696846,281480,40.39
20,987,HAPPSTMNDS,EQ,269205,99834,37.08
20,988,HAPPYFORGE,EQ,11392,5895,51.75
20,989,HARDWYN,EQ,1168744,651018,55.70
20,990,HARIOMPIPE,EQ,71018,42869,60.36
20,991,HARRMALAYA,EQ,42367,24947,58.88
20,992,HARSHA,EQ,48211,19524,40.50
20,993,HATHWAY,EQ,8770372,3298389,37.61
20,994,HATSUN,EQ,12999,6026,46.36
20,995,HAVELLS,EQ,353971,227801,64.36
20,996,HAVISHA,EQ,52863,51947,98.27
20,997,HBLENGINE,EQ,623239,217760,34.94
20,998,HBSL,EQ,12058,6103,50.61
20,999,HCC,EQ,21660323,7066774,32.63
20,1000,HCG,EQ,67735,24251,35.80
20,1001,HCL-INSYS,EQ,252976,168278,66.52
20,1002,HCLTECH,EQ,880695,442399,50.23
20,1003,HDFCAMC,EQ,297058,195530,65.82
20,1004,HDFCBANK,EQ,3656903,1646509,45.02
20,1005,HDFCBSE500,EQ,20815,13574,65.21
20,1006,HDFCGOLD,EQ,2189622,1863494,85.11
20,1007,HDFCGROWTH,EQ,2356,1471,62.44
20,1008,HDFCLIFE,EQ,1386549,795556,57.38
20,1009,HDFCLIQUID,EQ,6699,4294,64.10
20,1010,HDFCLOWVOL,EQ,5363,3732,69.59
20,1011,HDFCMID150,EQ,120146,79241,65.95
20,1012,HDFCMOMENT,EQ,183936,96649,52.54
20,1013,HDFCNEXT50,EQ,37826,30194,79.82
20,1014,HDFCNIF100,EQ,24024,22542,93.83
20,1015,HDFCNIFBAN,EQ,40715,37518,92.15
20,1016,HDFCNIFIT,EQ,26643,23877,89.62
20,1017,HDFCNIFTY,EQ,32363,25695,79.40
20,1018,HDFCPSUBK,EQ,15682,9668,61.65
20,1019,HDFCPVTBAN,EQ,25800,16807,65.14
20,1020,HDFCQUAL,EQ,12726,6729,52.88
20,1021,HDFCSENSEX,EQ,11998,9005,75.05
20,1022,HDFCSILVER,EQ,306225,250533,81.81
20,1023,HDFCSML250,EQ,349666,237641,67.96
20,1024,HDFCVALUE,EQ,3975,3607,90.74
20,1025,HEADSUP,EQ,46738,40265,86.15
20,1026,HEALTHADD,EQ,757,615,81.24
20,1027,HEALTHIETF,EQ,80029,64165,80.18
20,1028,HEALTHY,EQ,698500,450913,64.55
20,1029,HEG,EQ,1538487,269188,17.50
20,1030,HEIDELBERG,EQ,57070,24697,43.27
20,1031,HEMIPROP,EQ,214236,101566,47.41
20,1032,HERANBA,EQ,124135,32547,26.22
20,1033,HERITGFOOD,EQ,140497,76846,54.70
20,1034,HEROMOTOCO,EQ,329310,144115,43.76
20,1035,HESTERBIO,EQ,1927,1329,68.97
20,1036,HEUBACHIND,EQ,7643,5191,67.92
20,1037,HEXATRADEX,EQ,2507,1551,61.87
20,1038,HFCL,EQ,6864927,2085630,30.38
20,1039,HGINFRA,EQ,56982,24011,42.14
20,1040,HGS,EQ,15489,8150,52.62
20,1041,HIGREEN,ST,11200,11200,100.00
20,1042,HIKAL,EQ,298254,102651,34.42
20,1043,HIL,EQ,3084,1853,60.08
20,1044,HILTON,EQ,287884,138488,48.11
20,1045,HIMATSEIDE,EQ,1605184,497487,30.99
20,1046,HINDALCO,EQ,9217246,4841459,52.53
20,1047,HINDCOMPOS,EQ,22965,6762,29.44
20,1048,HINDCOPPER,EQ,2545914,885789,34.79
20,1049,HINDMOTORS,EQ,557029,284143,51.01
20,1050,HINDOILEXP,EQ,230530,99963,43.36
20,1051,HINDPETRO,EQ,2185656,534296,24.45
20,1052,HINDUNILVR,EQ,559893,313091,55.92
20,1053,HINDWAREAP,EQ,29625,14721,49.69
20,1054,HINDZINC,EQ,638861,273792,42.86
20,1055,HIRECT,EQ,59693,22366,37.47
20,1056,HISARMETAL,EQ,12655,5610,44.33
20,1057,HITECH,EQ,213358,119445,55.98
20,1058,HITECHCORP,EQ,2874,1661,57.79
20,1059,HLEGLAS,EQ,56599,28964,51.17
20,1060,HLVLTD,EQ,2702272,1298351,48.05
20,1061,HMAAGRO,EQ,411909,284440,69.05
20,1062,HMVL,EQ,12483,5700,45.66
20,1063,HNDFDS,EQ,25873,9335,36.08
20,1064,HNGSNGBEES,EQ,67909,54073,79.63
20,1065,HOACFOODS,ST,4500,4500,100.00
20,1066,HOLMARC,ST,10500,9000,85.71
20,1067,HOMEFIRST,EQ,38994,12759,32.72
20,1068,HONASA,EQ,507078,221240,43.63
20,1069,HONAUT,EQ,3866,2003,51.81
20,1070,HONDAPOWER,EQ,4313,1974,45.77
20,1071,HOVS,EQ,75601,42911,56.76
20,1072,HPAL,EQ,70419,42874,60.88
20,1073,HPIL,EQ,465828,45859,9.84
20,1074,HPL,EQ,462367,122444,26.48
20,1075,HRHNEXT,ST,1500,1500,100.00
20,1076,HSCL,EQ,618020,219979,35.59
20,1077,HTMEDIA,EQ,79210,46054,58.14
20,1078,HUDCO,EQ,4659981,928549,19.93
20,1079,HUHTAMAKI,EQ,20993,14781,70.41
20,1080,HVAX,SM,1200,1200,100.00
20,1081,HYUNDAI,EQ,130344,80080,61.44
20,1082,IBLFL,ST,2000,2000,100.00
20,1083,ICEMAKE,EQ,12116,6194,51.12
20,1084,ICICIB22,EQ,332070,178455,53.74
20,1085,ICICIBANK,EQ,4705399,2565278,54.52
20,1086,ICICIGI,EQ,325526,214903,66.02
20,1087,ICICIPRULI,EQ,931601,443179,47.57
20,1088,ICIL,EQ,506483,167494,33.07
20,1089,ICRA,EQ,4619,1856,40.18
20,1090,IDBI,EQ,2479946,860748,34.71
20,1091,IDEA,EQ,318779771,72496466,22.74
20,1092,IDEAFORGE,EQ,333755,59171,17.73
20,1093,IDEALTECHO,SM,3000,3000,100.00
20,1094,IDENTICAL,ST,138000,58000,42.03
20,1095,IDFCFIRSTB,EQ,26552067,12285829,46.27
20,1096,IDFNIFTYET,EQ,692,226,32.66
20,1097,IEML,SM,10000,8000,80.00
20,1098,IEX,EQ,2520879,520441,20.65
20,1099,IFBAGRO,EQ,1512,953,63.03
20,1100,IFBIND,EQ,23335,6624,28.39
20,1101,IFCI,EQ,5094745,1263995,24.81
20,1102,IFCIZC25,NM,66,66,100.00
20,1103,IFGLEXPOR,EQ,14660,5855,39.94
20,1104,IGARASHI,EQ,59585,28319,47.53
20,1105,IGIL,EQ,5350965,1842664,34.44
20,1106,IGL,EQ,1095471,243305,22.21
20,1107,IGPL,EQ,12405,6762,54.51
20,1108,IIFL,EQ,883758,390787,44.22
20,1109,IIFLCAPS,EQ,105597,51666,48.93
20,1110,IIFLZC25,ND,650,650,100.00
20,1111,IIFLZC25A,NP,641,641,100.00
20,1112,IIFLZC28A,NU,35,35,100.00
20,1113,IIFLZC28B,Y1,257,255,99.22
20,1114,IIFLZC28C,N6,70,10,14.29
20,1115,IKIO,EQ,120094,38354,31.94
20,1116,IKS,EQ,373589,132458,35.46
20,1117,IMAGICAA,EQ,342309,139900,40.87
20,1118,IMC1,N0,70,70,100.00
20,1119,IMFA,EQ,159337,56108,35.21
20,1120,IMPAL,EQ,4323,2924,67.64
20,1121,INCREDIBLE,EQ,7416,3420,46.12
20,1122,INDBANK,EQ,67318,27888,41.43
20,1123,INDGN,EQ,129545,71844,55.46
20,1124,INDHOTEL,EQ,1243720,515826,41.47
20,1125,INDIACEM,EQ,717989,314323,43.78
20,1126,INDIAGLYCO,EQ,122402,34606,28.27
20,1127,INDIAMART,EQ,75411,26816,35.56
20,1128,INDIANB,EQ,3247670,1683734,51.84
20,1129,INDIANHUME,EQ,35122,15697,44.69
20,1130,INDIASHLTR,EQ,31671,15780,49.82
20,1131,INDIFRA,SM,4000,4000,100.00
20,1132,INDIGO,EQ,425992,196967,46.24
20,1133,INDIGOPNTS,EQ,35421,18021,50.88
20,1134,INDIGRID,IV,135682,108452,79.93
20,1135,INDNIPPON,EQ,2810,1512,53.81
20,1136,INDOAMIN,EQ,94873,35572,37.49
20,1137,INDOBORAX,EQ,38374,18100,47.17
20,1138,INDOCO,EQ,11534,6528,56.60
20,1139,INDORAMA,EQ,77536,35470,45.75
20,1140,INDOSTAR,EQ,141364,81725,57.81
20,1141,INDOWIND,EQ,366209,195120,53.28
20,1142,INDRAMEDCO,EQ,695956,237935,34.19
20,1143,INDTERRAIN,EQ,80422,42482,52.82
20,1144,INDUSINDBK,EQ,4024591,2393506,59.47
20,1145,INDUSTOWER,EQ,2228186,847656,38.04
20,1146,INFIBEAM,EQ,3240664,1230176,37.96
20,1147,INFINIUM,ST,6500,5500,84.62
20,1148,INFOBEAN,EQ,8886,5467,61.52
20,1149,INFOLLION,ST,22400,20800,92.86
20,1150,INFOMEDIA,EQ,125406,101997,81.33
20,1151,INFRABEES,EQ,21249,11165,52.54
20,1152,INFRAIETF,EQ,28609,17195,60.10
20,1153,INFY,EQ,1838368,812809,44.21
20,1154,INGERRAND,EQ,11522,7020,60.93
20,1155,INM,SM,600,600,100.00
20,1156,INNOMET,SM,3600,3600,100.00
20,1157,INNOVACAP,EQ,30551,11810,38.66
20,1158,INNOVANA,EQ,3545,2704,76.28
20,1159,INOXGREEN,EQ,836117,366718,43.86
20,1160,INOXINDIA,EQ,201344,123706,61.44
20,1161,INOXWIND,EQ,3671812,1221152,33.26
20,1162,INSECTICID,EQ,21833,10256,46.97
20,1163,INSPIRE,SM,4000,4000,100.00
20,1164,INSPIRISYS,EQ,7650,3238,42.33
20,1165,INTELLECT,EQ,2959236,204881,6.92
20,1166,INTENTECH,EQ,118045,38838,32.90
20,1167,INTERARCH,EQ,129378,41777,32.29
20,1168,INTLCONV,EQ,115676,51879,44.85
20,1169,INVENTURE,EQ,1902999,880294,46.26
20,1170,IOB,EQ,2928341,797805,27.24
20,1171,IOC,EQ,4144374,1345849,32.47
20,1172,IOLCP,EQ,199917,77933,38.98
20,1173,IONEXCHANG,EQ,146144,60340,41.29
20,1174,IPCALAB,EQ,814926,351056,43.08
20,1175,IPHL,ST,37200,34800,93.55
20,1176,IPL,EQ,82881,42155,50.86
20,1177,IPSL,ST,3000,3000,100.00
20,1178,IRB,EQ,31523191,9202250,29.19
20,1179,IRBINVIT,IV,53222,49781,93.53
20,1180,IRCON,EQ,3544815,701913,19.80
20,1181,IRCTC,EQ,581539,200389,34.46
20,1182,IREDA,EQ,31034531,5325041,17.16
20,1183,IRFC,EQ,19810452,4052662,20.46
20,1184,IRISDOREME,EQ,78861,15282,19.38
20,1185,IRMENERGY,EQ,81220,35825,44.11
20,1186,ISEC,EQ,219906,115660,52.60
20,1187,ISFT,EQ,24771,7878,31.80
20,1188,ISGEC,EQ,32043,15782,49.25
20,1189,ISHAN,ST,240000,192000,80.00
20,1190,IT,EQ,13895,10756,77.41
20,1191,ITALIANE,ST,2000,2000,100.00
20,1192,ITBEES,EQ,2366668,1525466,64.46
20,1193,ITC,EQ,18229128,13209445,72.46
20,1194,ITDC,EQ,24217,6890,28.45
20,1195,ITDCEM,EQ,575658,219589,38.15
20,1196,ITETF,EQ,60351,36761,60.91
20,1197,ITETFADD,EQ,3031,2785,91.88
20,1198,ITI,EQ,27842475,1480147,5.32
20,1199,ITIETF,EQ,1969635,1816663,92.23
20,1200,ITTL,ST,210,210,100.00
20,1201,IVC,EQ,186874,102720,54.97
20,1202,IVP,EQ,4351,3451,79.32
20,1203,IVZINGOLD,EQ,51,38,74.51
20,1204,IVZINNIFTY,EQ,14,12,85.71
20,1205,IWEL,EQ,4001,2882,72.03
20,1206,IXIGO,EQ,3220550,1030115,31.99
20,1207,JAGRAN,EQ,73075,55551,76.02
20,1208,JAGSNPHARM,EQ,133190,45844,34.42
20,1209,JAIBALAJI,EQ,41338,15388,37.22
20,1210,JAICORPLTD,EQ,2274046,649590,28.57
20,1211,JAINAM,ST,16000,16000,100.00
20,1212,JAIPURKURT,EQ,34888,19209,55.06
20,1213,JALAN,ST,33000,27000,81.82
20,1214,JAMNAAUTO,EQ,774436,323590,41.78
20,1215,JASH,EQ,362856,141011,38.86
20,1216,JAYAGROGN,EQ,14472,8736,60.36
20,1217,JAYBARMARU,EQ,105318,41224,39.14
20,1218,JAYBEE,ST,64000,62000,96.88
20,1219,JAYNECOIND,EQ,89409,62986,70.45
20,1220,JAYSREETEA,EQ,267818,75007,28.01
20,1221,JBCHEPHARM,EQ,289768,191698,66.16
20,1222,JBMA,EQ,66771,23674,35.46
20,1223,JCHAC,EQ,21741,11275,51.86
20,1224,JEYYAM,SM,292000,226000,77.40
20,1225,JGCHEM,EQ,79269,26069,32.89
20,1226,JHS,EQ,258191,167148,64.74
20,1227,JINDALPHOT,EQ,11859,5875,49.54
20,1228,JINDALPOLY,EQ,92596,41528,44.85
20,1229,JINDALSAW,EQ,1971430,948854,48.13
20,1230,JINDALSTEL,EQ,591839,241472,40.80
20,1231,JINDRILL,EQ,62116,37113,59.75
20,1232,JINDWORLD,EQ,1094084,256568,23.45
20,1233,JIOFIN,EQ,8948678,2991034,33.42
20,1234,JISLDVREQS,EQ,22765,8120,35.67
20,1235,JISLJALEQS,EQ,2604265,1098702,42.19
20,1236,JITFINFRA,EQ,21590,8897,41.21
20,1237,JIWANRAM,SM,42000,36000,85.71
20,1238,J&KBANK,EQ,801595,331578,41.36
20,1239,JKCEMENT,EQ,27642,6145,22.23
20,1240,JKIL,EQ,118314,40738,34.43
20,1241,JKLAKSHMI,EQ,31782,12762,40.15
20,1242,JKPAPER,EQ,204271,68901,33.73
20,1243,JKTYRE,EQ,205198,70185,34.20
20,1244,JLHL,EQ,34809,11484,32.99
20,1245,JMA,EQ,3963,2233,56.35
20,1246,JMFINANCIL,EQ,2574249,870471,33.81
20,1247,JNKINDIA,EQ,11834,6319,53.40
20,1248,JOCIL,EQ,3913,2944,75.24
20,1249,JPOLYINVST,EQ,7164,2768,38.64
20,1250,JPPOWER,EQ,25953444,7112783,27.41
20,1251,JSFB,EQ,86169,34413,39.94
20,1252,JSL,EQ,658449,363697,55.24
20,1253,JSLL,SM,9090,5760,63.37
20,1254,JSWENERGY,EQ,3367231,1251690,37.17
20,1255,JSWINFRA,EQ,2334077,797436,34.16
20,1256,JSWSTEEL,EQ,1020555,261233,25.60
20,1257,JTEKTINDIA,EQ,34413,17860,51.90
20,1258,JTLIND,EQ,306883,138099,45.00
20,1259,JUBLFOOD,EQ,2670497,866219,32.44
20,1260,JUBLINGREA,EQ,452464,209675,46.34
20,1261,JUBLPHARMA,EQ,297942,123281,41.38
20,1262,JUNIORBEES,EQ,336470,284580,84.58
20,1263,JUNIPER,EQ,126475,70891,56.05
20,1264,JUSTDIAL,EQ,94261,31593,33.52
20,1265,JWL,EQ,653183,168667,25.82
20,1266,JYOTHYLAB,EQ,264508,78282,29.60
20,1267,JYOTICNC,EQ,293822,115238,39.22
20,1268,JYOTISTRUC,EQ,15307857,6596758,43.09
20,1269,K2INFRA,SM,42000,23400,55.71
20,1270,KABRAEXTRU,EQ,141704,53665,37.87
20,1271,KAJARIACER,EQ,96361,26910,27.93
20,1272,KAKATCEM,EQ,2134,1518,71.13
20,1273,KALAMANDIR,EQ,511882,204571,39.96
20,1274,KALANA,SM,104000,40000,38.46
20,1275,KALYANIFRG,EQ,956,614,64.23
20,1276,KALYANKJIL,EQ,3494514,984221,28.16
20,1277,KAMATHOTEL,EQ,43017,12958,30.12
20,1278,KAMDHENU,EQ,57208,33606,58.74
20,1279,KANANIIND,EQ,140993,93788,66.52
20,1280,KANORICHEM,EQ,43030,22744,52.86
20,1281,KANPRPLA,EQ,9769,6165,63.11
20,1282,KANSAINER,EQ,86178,33206,38.53
20,1283,KAPSTON,EQ,5100,3313,64.96
20,1284,KARMAENG,EQ,30678,14262,46.49
20,1285,KARNIKA,ST,1200,1200,100.00
20,1286,KARURVYSYA,EQ,2531615,776522,30.67
20,1287,KATARIA,SM,18000,11400,63.33
20,1288,KAUSHALYA,EQ,7420,3557,47.94
20,1289,KAYNES,EQ,1062831,193198,18.18
20,1290,KBCGLOBAL,EQ,20714031,7677891,37.07
20,1291,KCEIL,ST,16000,15000,93.75
20,1292,KCK,ST,7500,7500,100.00
20,1293,KCP,EQ,233477,72627,31.11
20,1294,KCPSUGIND,EQ,119803,57811,48.26
20,1295,KDDL,EQ,11928,6888,57.75
20,1296,KDL,ST,3700,3450,93.24
20,1297,KEC,EQ,283680,86795,30.60
20,1298,KECL,EQ,634855,218611,34.43
20,1299,KEI,EQ,82106,31797,38.73
20,1300,KEL,ST,1200,1200,100.00
20,1301,KELLTONTEC,EQ,1596120,501432,31.42
20,1302,KESORAMIND,EQ,284618,133175,46.79
20,1303,KFINTECH,EQ,905795,232232,25.64
20,1304,KHADIM,EQ,6026,3447,57.20
20,1305,KHAICHEM,EQ,120142,41494,34.54
20,1306,KHAITANLTD,EQ,4321,3732,86.37
20,1307,KHANDSE,EQ,7859,6112,77.77
20,1308,KHFM,SM,4650,4650,100.00
20,1309,KICL,EQ,3595,2730,75.94
20,1310,KILITCH,EQ,12502,10230,81.83
20,1311,KIMS,EQ,331162,115989,35.02
20,1312,KINGFA,EQ,13578,6216,45.78
20,1313,KIOCL,EQ,1624846,235982,14.52
20,1314,KIRIINDUS,EQ,547831,210518,38.43
20,1315,KIRLOSBROS,EQ,63613,21617,33.98
20,1316,KIRLOSENG,EQ,234407,147512,62.93
20,1317,KIRLOSIND,EQ,1582,594,37.55
20,1318,KIRLPNU,EQ,57713,22947,39.76
20,1319,KKCL,EQ,22361,13119,58.67
20,1320,KKVAPOW,SM,156,156,100.00
20,1321,KLL,SM,9600,8000,83.33
20,1322,KMEW,EQ,14047,8610,61.29
20,1323,KMSUGAR,EQ,119404,54555,45.69
20,1324,KNAGRI,ST,2400,2000,83.33
20,1325,KNRCON,EQ,591344,244086,41.28
20,1326,KODYTECH,SM,5200,4400,84.62
20,1327,KOHINOOR,EQ,79233,45006,56.80
20,1328,KOKUYOCMLN,EQ,116319,31694,27.25
20,1329,KOLTEPATIL,EQ,54052,31032,57.41
20,1330,KONSTELEC,ST,9000,9000,100.00
20,1331,KONTOR,ST,1800,1800,100.00
20,1332,KORE,ST,7750,7500,96.77
20,1333,KOTAKBANK,EQ,1484828,860149,57.93
20,1334,KOTARISUG,EQ,49420,26534,53.69
20,1335,KOTHARIPET,EQ,122550,36329,29.64
20,1336,KOTYARK,SM,18800,13600,72.34
20,1337,KPEL,EQ,83701,42450,50.72
20,1338,KPIGREEN,EQ,327429,185056,56.52
20,1339,KPIL,EQ,830975,167297,20.13
20,1340,KPITTECH,EQ,966551,465653,48.18
20,1341,KPRMILL,EQ,367998,96739,26.29
20,1342,KRBL,EQ,266760,111374,41.75
20,1343,KRISHANA,EQ,14792,9204,62.22
20,1344,KRISHCA,SM,31000,24500,79.03
20,1345,KRISHNADEF,ST,16250,14500,89.23
20,1346,KRITINUT,EQ,29580,14413,48.73
20,1347,KRN,EQ,1508153,444451,29.47
20,1348,KRONOX,EQ,198936,92413,46.45
20,1349,KROSS,EQ,136666,43484,31.82
20,1350,KRSNAA,EQ,66662,33581,50.38
20,1351,KRYSTAL,EQ,15495,10161,65.58
20,1352,KSB,EQ,30724,13620,44.33
20,1353,KSCL,EQ,26165,10907,41.69
20,1354,KSHITIJPOL,EQ,268223,162879,60.73
20,1355,KSL,EQ,42272,19428,45.96
20,1356,KSOLVES,EQ,17748,10523,59.29
20,1357,KTKBANK,EQ,841361,446151,53.03
20,1358,KUANTUM,EQ,569123,155664,27.35
20,1359,LAGNAM,EQ,202477,62480,30.86
20,1360,LAKSHYA,SM,56800,38400,67.61
20,1361,LAL,EQ,229176,134239,58.57
20,1362,LALPATHLAB,EQ,179164,92596,51.68
20,1363,LAMOSAIC,ST,3600,3600,100.00
20,1364,LANCORHOL,EQ,39900,25151,63.04
20,1365,LANDMARK,EQ,10080,4567,45.31
20,1366,LAOPALA,EQ,46227,27482,59.45
20,1367,LASA,EQ,27601,17317,62.74
20,1368,LATENTVIEW,EQ,237587,88059,37.06
20,1369,LAURUSLABS,EQ,3014562,1053193,34.94
20,1370,LAWSIKHO,SM,5500,4500,81.82
20,1371,LAXMICOT,EQ,25253,15257,60.42
20,1372,LEMERITE,ST,8800,8800,100.00
20,1373,LEMONTREE,EQ,6806377,2112468,31.04
20,1374,LEXUS,EQ,137250,56809,41.39
20,1375,LGBBROSLTD,EQ,12135,5979,49.27
20,1376,LIBAS,EQ,31387,21968,69.99
20,1377,LIBERTSHOE,EQ,26898,18519,68.85
20,1378,LICHSGFIN,EQ,777096,357055,45.95
20,1379,LICI,EQ,524731,182733,34.82
20,1380,LICMFGOLD,EQ,137,83,60.58
20,1381,LICNETFGSC,EQ,3694,2418,65.46
20,1382,LICNETFN50,EQ,1287,1002,77.86
20,1383,LICNETFSEN,EQ,1001,596,59.54
20,1384,LICNFNHGP,EQ,300,256,85.33
20,1385,LICNMID100,EQ,11122,6986,62.81
20,1386,LIKHITHA,EQ,32606,16137,49.49
20,1387,LINC,EQ,117147,60446,51.60
20,1388,LINCOLN,EQ,124437,56088,45.07
20,1389,LINDEINDIA,EQ,45269,15648,34.57
20,1390,LIQUID,EQ,413374,56493,13.67
20,1391,LIQUID1,EQ,44049,27728,62.95
20,1392,LIQUIDADD,EQ,408599,264938,64.84
20,1393,LIQUIDBEES,EQ,2464836,2168193,87.97
20,1394,LIQUIDBETF,EQ,48932,29373,60.03
20,1395,LIQUIDCASE,EQ,5692315,4501166,79.07
20,1396,LIQUIDETF,EQ,203535,106271,52.21
20,1397,LIQUIDIETF,EQ,658473,409813,62.24
20,1398,LIQUIDPLUS,EQ,61230,61122,99.82
20,1399,LIQUIDSBI,EQ,4433,4327,97.61
20,1400,LIQUIDSHRI,EQ,6329,6110,96.54
20,1401,LLOYDS,SM,16000,11000,68.75
20,1402,LLOYDSENGG,EQ,1255851,511966,40.77
20,1403,LLOYDSENT,EQ,1553967,960960,61.84
20,1404,LLOYDSME,EQ,932052,412258,44.23
20,1405,LMW,EQ,1737,943,54.29
20,1406,LODHA,EQ,367445,124664,33.93
20,1407,LOKESHMACH,EQ,85787,59075,68.86
20,1408,LORDSCHLO,EQ,261534,112853,43.15
20,1409,LOVABLE,EQ,22428,6472,28.86
20,1410,LOWVOL,EQ,91,89,97.80
20,1411,LOWVOL1,EQ,17782,12859,72.31
20,1412,LOWVOLIETF,EQ,253396,87526,34.54
20,1413,LRRPL,ST,6000,6000,100.00
20,1414,LT,EQ,1202029,496316,41.29
20,1415,LTF,EQ,3531622,1546443,43.79
20,1416,LTFOODS,EQ,951725,312818,32.87
20,1417,LTGILTBEES,EQ,1566423,1510214,96.41
20,1418,LTIM,EQ,150254,53039,35.30
20,1419,LTTS,EQ,61831,22437,36.29
20,1420,LUMAXIND,EQ,1243,902,72.57
20,1421,LUMAXTECH,EQ,110739,42711,38.57
20,1422,LUPIN,EQ,735846,334251,45.42
20,1423,LUXIND,EQ,53211,14317,26.91
20,1424,LXCHEM,EQ,355170,145544,40.98
20,1425,LYKALABS,EQ,121172,52298,43.16
20,1426,LYPSAGEMS,EQ,86582,50681,58.54
20,1427,MACPOWER,EQ,7402,4672,63.12
20,1428,MADHAV,EQ,11695,3619,30.94
20,1429,MADHAVBAUG,SM,3600,3600,100.00
20,1430,MADHUSUDAN,SM,8000,7000,87.50
20,1431,MADRASFERT,EQ,381601,98499,25.81
20,1432,MAFANG,EQ,243803,230080,94.37
20,1433,MAGADSUGAR,EQ,5219,2955,56.62
20,1434,MAGNUM,EQ,127869,94984,74.28
20,1435,MAGSON,SM,2000,2000,100.00
20,1436,MAHABANK,EQ,4231937,1106644,26.15
20,1437,MAHAPEXLTD,EQ,11015,8512,77.28
20,1438,MAHEPC,EQ,50806,24592,48.40
20,1439,MAHESHWARI,EQ,10480,5883,56.14
20,1440,MAHICKRA,SM,6000,4500,75.00
20,1441,MAHKTECH,EQ,1568753,835131,53.24
20,1442,MAHLIFE,EQ,85627,43512,50.82
20,1443,MAHLOG,EQ,50036,25348,50.66
20,1444,MAHSCOOTER,EQ,2271,1622,71.42
20,1445,MAHSEAMLES,EQ,2573566,278642,10.83
20,1446,MAITHANALL,EQ,35143,22029,62.68
20,1447,MAITREYA,ST,12400,11200,90.32
20,1448,MAKEINDIA,EQ,14083,11013,78.20
20,1449,MAKS,SM,1500,1500,100.00
20,1450,MAL,SM,22400,12800,57.14
20,1451,MALLCOM,EQ,4156,2236,53.80
20,1452,MALUPAPER,EQ,33361,11248,33.72
20,1453,MANAKALUCO,EQ,54475,20391,37.43
20,1454,MANAKSIA,EQ,935191,256084,27.38
20,1455,MANAKSTEEL,EQ,80450,28855,35.87
20,1456,MANALIPETC,EQ,193720,115380,59.56
20,1457,MANAPPURAM,EQ,7519589,1941923,25.82
20,1458,MANBA,EQ,233736,106773,45.68
20,1459,MANCREDIT,EQ,27472,15885,57.82
20,1460,MANDEEP,SM,8000,8000,100.00
20,1461,MANGALAM,EQ,126549,46627,36.85
20,1462,MANGCHEFER,EQ,229774,123323,53.67
20,1463,MANGLMCEM,EQ,60773,35224,57.96
20,1464,MANINDS,EQ,96774,43946,45.41
20,1465,MANINFRA,EQ,1864447,747065,40.07
20,1466,MANKIND,EQ,364216,204593,56.17
20,1467,MANOMAY,EQ,7772,4781,61.52
20,1468,MANORAMA,EQ,49018,23811,48.58
20,1469,MANORG,EQ,4970,3387,68.15
20,1470,MANUGRAPH,EQ,14655,7055,48.14
20,1471,MANYAVAR,EQ,20972,9698,46.24
20,1472,MAPMYINDIA,EQ,85629,28752,33.58
20,1473,MARALOVER,EQ,22278,14546,65.29
20,1474,MARATHON,EQ,9322,4961,53.22
20,1475,MARCO,SM,70500,49500,70.21
20,1476,MARICO,EQ,1612824,948552,58.81
20,1477,MARKSANS,EQ,921633,248962,27.01
20,1478,MARUTI,EQ,383202,108226,28.24
20,1479,MASFIN,EQ,34199,14287,41.78
20,1480,MASON,ST,4000,3000,75.00
20,1481,MASPTOP50,EQ,181878,143381,78.83
20,1482,MASTEK,EQ,64313,28527,44.36
20,1483,MASTERTR,EQ,23889,14685,61.47
20,1484,MATRIMONY,EQ,4498,2914,64.78
20,1485,MAWANASUG,EQ,66292,37660,56.81
20,1486,MAXESTATES,EQ,49125,23511,47.86
20,1487,MAXHEALTH,EQ,288372,127709,44.29
20,1488,MAXIND,EQ,34770,16569,47.65
20,1489,MAXPOSURE,SM,12000,8000,66.67
20,1490,MAYURUNIQ,EQ,19458,10205,52.45
20,1491,MAZDA,EQ,19333,7038,36.40
20,1492,MAZDOCK,EQ,1981901,274597,13.86
20,1493,MBAPL,EQ,82569,62851,76.12
20,1494,MBLINFRA,EQ,151342,81991,54.18
20,1495,MCON,ST,3000,3000,100.00
20,1496,MCX,EQ,163387,68492,41.92
20,1497,MDL,SM,10000,5000,50.00
20,1498,MEDANTA,EQ,64463,31883,49.46
20,1499,MEDIASSIST,EQ,249243,112281,45.05
20,1500,MEDICAMEQ,EQ,18792,9956,52.98
20,1501,MEDICO,EQ,319417,115048,36.02
20,1502,MEDPLUS,EQ,135432,91125,67.28
20,1503,MEGASOFT,EQ,683968,391955,57.31
20,1504,MEGASTAR,EQ,86497,29881,34.55
20,1505,MEGATHERM,SM,13200,11600,87.88
20,1506,MENONBE,EQ,8395,3859,45.97
20,1507,METAL,EQ,62716,46949,74.86
20,1508,METALIETF,EQ,2359426,1574803,66.75
20,1509,METROBRAND,EQ,194775,95859,49.22
20,1510,METROPOLIS,EQ,35586,12460,35.01
20,1511,MFSL,EQ,123907,49961,40.32
20,1512,MGEL,EQ,922162,379296,41.13
20,1513,MGL,EQ,197920,54484,27.53
20,1514,MHHL,SM,15000,13500,90.00
20,1515,MHRIL,EQ,96630,46136,47.75
20,1516,MICEL,EQ,188975,121767,64.44
20,1517,MICROPRO,SM,3200,3200,100.00
20,1518,MID150BEES,EQ,328367,249952,76.12
20,1519,MID150CASE,EQ,207550,121035,58.32
20,1520,MIDCAP,EQ,79974,62353,77.97
20,1521,MIDCAPETF,EQ,884911,649119,73.35
20,1522,MIDCAPIETF,EQ,187012,128230,68.57
20,1523,MIDHANI,EQ,187376,57248,30.55
20,1524,MIDQ50ADD,EQ,639,576,90.14
20,1525,MIDSELIETF,EQ,217309,186854,85.99
20,1526,MIDSMALL,EQ,211498,180345,85.27
20,1527,MIEL,ST,8000,8000,100.00
20,1528,MINDACORP,EQ,852917,174413,20.45
20,1529,MINDSPACE,RR,98381,88356,89.81
20,1530,MINDTECK,EQ,34788,21401,61.52
20,1531,MIRCELECTR,EQ,2794976,1595713,57.09
20,1532,MIRZAINT,EQ,107433,56484,52.58
20,1533,MITCON,EQ,4785,3130,65.41
20,1534,MITCONPP,E1,274,106,38.69
20,1535,MITTAL,EQ,3066306,1648076,53.75
20,1536,M&M,EQ,1686613,594164,35.23
20,1537,M&MFIN,EQ,639735,332172,51.92
20,1538,MMFL,EQ,45898,27592,60.12
20,1539,MMP,EQ,8904,6837,76.79
20,1540,MMTC,EQ,1204555,376744,31.28
20,1541,MNC,EQ,9566,8724,91.20
20,1542,MOBIKWIK,EQ,28156104,1027041,3.65
20,1543,MODEFENCE,EQ,156210,123914,79.33
20,1544,MODIRUBBER,EQ,1079,552,51.16
20,1545,MODISONLTD,EQ,118276,57547,48.65
20,1546,MOGSEC,EQ,3315,1980,59.73
20,1547,MOHEALTH,EQ,437550,343983,78.62
20,1548,MOIL,EQ,1021938,229749,22.48
20,1549,MOKSH,EQ,186573,123968,66.44
20,1550,MOL,EQ,589420,290868,49.35
20,1551,MOLDTECH,EQ,49585,29897,60.29
20,1552,MOLDTKPAC,EQ,18204,10531,57.85
20,1553,MOLOWVOL,EQ,65962,65903,99.91
20,1554,MOM100,EQ,225826,157749,69.85
20,1555,MOM30IETF,EQ,597068,416245,69.71
20,1556,MOM50,EQ,2840,2263,79.68
20,1557,MOMENTUM,EQ,74731,60862,81.44
20,1558,MOMENTUM50,EQ,128067,105509,82.39
20,1559,MOMOMENTUM,EQ,241656,188167,77.87
20,1560,MON100,EQ,492977,389135,78.94
20,1561,MONARCH,EQ,254706,142349,55.89
20,1562,MONIFTY500,EQ,352620,333451,94.56
20,1563,MONOPHARMA,SM,2000,2000,100.00
20,1564,MONQ50,EQ,184625,118659,64.27
20,1565,MONTECARLO,EQ,13659,5626,41.19
20,1566,MOQUALITY,EQ,923,733,79.41
20,1567,MOREALTY,EQ,58594,43266,73.84
20,1568,MOREPENLAB,EQ,2924085,789517,27.00
20,1569,MOS,ST,9200,8000,86.96
20,1570,MOSMALL250,EQ,360196,246151,68.34
20,1571,MOTHERSON,EQ,6977841,3205049,45.93
20,1572,MOTILALOFS,EQ,1457038,507936,34.86
20,1573,MOTISONS,EQ,1252880,1132806,90.42
20,1574,MOTOGENFIN,EQ,9287,7423,79.93
20,1575,MOVALUE,EQ,50322,36576,72.68
20,1576,MOXSH,SM,6400,6400,100.00
20,1577,MPHASIS,EQ,198476,58360,29.40
20,1578,MPSLTD,EQ,8389,4191,49.96
20,1579,MPTODAY,SM,4000,4000,100.00
20,1580,MRF,EQ,2343,737,31.46
20,1581,MRO-TEK,EQ,10170,5782,56.85
20,1582,MRPL,EQ,1264394,246478,19.49
20,1583,MSPL,EQ,274728,190792,69.45
20,1584,MSTCLTD,EQ,111076,30112,27.11
20,1585,MSUMI,EQ,3801541,2365419,62.22
20,1586,MTARTECH,EQ,56257,21438,38.11
20,1587,MTNL,EQ,3478652,760303,21.86
20,1588,MUFIN,EQ,46186,17084,36.99
20,1589,MUFTI,EQ,163490,84337,51.59
20,1590,MUKANDLTD,EQ,33550,16496,49.17
20,1591,MUKKA,EQ,1209321,453583,37.51
20,1592,MULTICAP,EQ,95267,85750,90.01
20,1593,MUNJALAU,EQ,159321,60640,38.06
20,1594,MUNJALSHOW,EQ,24176,14689,60.76
20,1595,MURUDCERA,EQ,34289,20622,60.14
20,1596,MUTHOOTCAP,EQ,9160,6386,69.72
20,1597,MUTHOOTFIN,EQ,1001913,435068,43.42
20,1598,MUTHOOTMF,EQ,96384,40269,41.78
20,1599,MVGJL,EQ,640189,168193,26.27
20,1600,MVKAGRO,SM,10800,9600,88.89
20,1601,MWL,SM,1200,1200,100.00
20,1602,MYMUDRA,SM,20400,19200,94.12
20,1603,NACLIND,EQ,238086,120800,50.74
20,1604,NAGAFERT,EQ,566442,279293,49.31
20,1605,NAHARCAP,EQ,5744,2335,40.65
20,1606,NAHARINDUS,EQ,69730,19190,27.52
20,1607,NAHARPOLY,EQ,21745,10480,48.19
20,1608,NAHARSPING,EQ,27405,12935,47.20
20,1609,NAMAN,ST,800,800,100.00
20,1610,NAM-INDIA,EQ,647742,252384,38.96
20,1611,NAMOEWASTE,ST,80000,68800,86.00
20,1612,NARMADA,EQ,121327,83690,68.98
20,1613,NATCOPHARM,EQ,394995,212379,53.77
20,1614,NATHBIOGEN,EQ,17509,8929,51.00
20,1615,NATIONALUM,EQ,4428464,1359427,30.70
20,1616,NAUKRI,EQ,67573,26625,39.40
20,1617,NAVA,EQ,59020,24958,42.29
20,1618,NAVINFLUOR,EQ,153236,93684,61.14
20,1619,NAVKARCORP,EQ,1016370,487775,47.99
20,1620,NAVNETEDUL,EQ,63164,31667,50.13
20,1621,NAZARA,EQ,140964,83139,58.98
20,1622,NBCC,EQ,4220243,1540374,36.50
20,1623,NCC,EQ,2587818,664112,25.66
20,1624,NCLIND,EQ,90114,44136,48.98
20,1625,NDL,EQ,3382883,2332222,68.94
20,1626,NDLVENTURE,EQ,17959,10696,59.56
20,1627,NDRAUTO,EQ,37100,14005,37.75
20,1628,NDTV,EQ,73965,29196,39.47
20,1629,NECCLTD,EQ,642927,240796,37.45
20,1630,NEELAM,ST,96000,96000,100.00
20,1631,NELCAST,EQ,43760,27909,63.78
20,1632,NELCO,EQ,204367,72974,35.71
20,1633,NEOGEN,EQ,31051,11260,36.26
20,1634,NEPHROCARE,ST,9600,9200,95.83
20,1635,NESCO,EQ,24193,12197,50.42
20,1636,NESTLEIND,EQ,454290,268766,59.16
20,1637,NETF,EQ,949,796,83.88
20,1638,NETWEB,EQ,251184,113565,45.21
20,1639,NETWORK18,EQ,1580536,717002,45.36
20,1640,NEULANDLAB,EQ,21201,7872,37.13
20,1641,NEWGEN,EQ,680001,184031,27.06
20,1642,NEWJAISA,SM,39000,33000,84.62
20,1643,NEXT50,EQ,6345,5561,87.64
20,1644,NEXT50IETF,EQ,272292,198636,72.95
20,1645,NFL,EQ,3188957,698778,21.91
20,1646,NGIL,EQ,256035,27967,10.92
20,1647,NGILPP1,E1,875,756,86.40
20,1648,NGLFINE,EQ,2325,1803,77.55
20,1649,NH,EQ,195346,98597,50.47
20,1650,NHPC,EQ,12895679,3123608,24.22
20,1651,NIACL,EQ,2059901,282233,13.70
20,1652,NIDAN,SM,13000,10000,76.92
20,1653,NIF100BEES,EQ,17045,8864,52.00
20,1654,NIF100IETF,EQ,261140,205036,78.52
20,1655,NIF10GETF,EQ,2005,1870,93.27
20,1656,NIF5GETF,EQ,1622,1569,96.73
20,1657,NIFITETF,EQ,109,65,59.63
20,1658,NIFMID150,EQ,497,424,85.31
20,1659,NIFTY1,EQ,39991,21627,54.08
20,1660,NIFTY50ADD,EQ,12433,3473,27.93
20,1661,NIFTYBEES,EQ,2402521,1184994,49.32
20,1662,NIFTYBETF,EQ,1105,1051,95.11
20,1663,NIFTYETF,EQ,31491,23659,75.13
20,1664,NIFTYIETF,EQ,127672,91703,71.83
20,1665,NIFTYQLITY,EQ,45687,28960,63.39
20,1666,NIITLTD,EQ,1892007,483128,25.54
20,1667,NIITMTS,EQ,31351,10221,32.60
20,1668,NILAINFRA,EQ,4717939,1398681,29.65
20,1669,NILKAMAL,EQ,2094,1584,75.64
20,1670,NINSYS,EQ,3839,1888,49.18
20,1671,NIPPOBATRY,EQ,4867,2331,47.89
20,1672,NIRMAN,ST,14400,13800,95.83
20,1673,NITINSPIN,EQ,57996,26118,45.03
20,1674,NITIRAJ,EQ,4233,2412,56.98
20,1675,NIVABUPA,EQ,2873318,864428,30.08
20,1676,NLCINDIA,EQ,2984890,794848,26.63
20,1677,NMDC,EQ,21999690,7422822,33.74
20,1678,NMSTEEL,ST,6400,6400,100.00
20,1679,NOCIL,EQ,405640,202827,50.00
20,1680,NORTHARC,EQ,226888,122589,54.03
20,1681,NOVAAGRI,EQ,220244,99013,44.96
20,1682,NPBET,EQ,213,108,50.70
20,1683,NPST,SM,5200,3550,68.27
20,1684,NRAIL,EQ,8654,4245,49.05
20,1685,NRBBEARING,EQ,91008,43701,48.02
20,1686,NSIL,EQ,16949,5546,32.72
20,1687,NSLNISP,EQ,1244746,545918,43.86
20,1688,NTPC,EQ,7843971,4071279,51.90
20,1689,NTPCGREEN,EQ,9948053,3821843,38.42
20,1690,NUCLEUS,EQ,14444,8196,56.74
20,1691,NURECA,EQ,10567,5178,49.00
20,1692,NUVAMA,EQ,83528,44703,53.52
20,1693,NUVOCO,EQ,35072,17091,48.73
20,1694,NV20,EQ,12732,10152,79.74
20,1695,NV20BEES,EQ,6065,5299,87.37
20,1696,NV20IETF,EQ,236400,129431,54.75
20,1697,NXST,RR,40704,35158,86.37
20,1698,NYKAA,EQ,2668608,983709,36.86
20,1699,OAL,EQ,10985,5227,47.58
20,1700,OBCL,EQ,11540,8993,77.93
20,1701,OBEROIRLTY,EQ,347770,164057,47.17
20,1702,OBSCP,ST,86400,86400,100.00
20,1703,OCCL,EQ,21316,8467,39.72
20,1704,OCCLLTD,EQ,527836,168337,31.89
20,1705,OFSS,EQ,71597,20555,28.71
20,1706,OIL,EQ,1408767,503779,35.76
20,1707,OILIETF,EQ,686427,434220,63.26
20,1708,OLAELEC,EQ,16274841,3098377,19.04
20,1709,OLECTRA,EQ,279621,87996,31.47
20,1710,OLIL,SM,72000,50400,70.00
20,1711,OMAXAUTO,EQ,43190,26968,62.44
20,1712,OMAXE,EQ,34563,19612,56.74
20,1713,OMFURN,ST,38400,38400,100.00
20,1714,OMINFRAL,EQ,100177,47097,47.01
20,1715,ONDOOR,ST,6900,6600,95.65
20,1716,ONELIFECAP,EQ,12443,7971,64.06
20,1717,ONEPOINT,EQ,360433,222601,61.76
20,1718,ONGC,EQ,9418453,5903640,62.68
20,1719,ONMOBILE,EQ,769133,200539,26.07
20,1720,ONWARDTEC,EQ,48755,27377,56.15
20,1721,ONYX,SM,374000,140000,37.43
20,1722,OPTIEMUS,EQ,164559,91937,55.87
20,1723,ORCHPHARMA,EQ,15031,6017,40.03
20,1724,ORIANA,SM,29625,19200,64.81
20,1725,ORICONENT,EQ,229858,147179,64.03
20,1726,ORIENTALTL,EQ,107423,37784,35.17
20,1727,ORIENTBELL,EQ,7498,5155,68.75
20,1728,ORIENTCEM,EQ,197178,92115,46.72
20,1729,ORIENTCER,EQ,47631,22425,47.08
20,1730,ORIENTELEC,EQ,184634,83753,45.36
20,1731,ORIENTHOT,EQ,488282,103235,21.14
20,1732,ORIENTPPR,EQ,1916094,912661,47.63
20,1733,ORIENTTECH,EQ,648018,170131,26.25
20,1734,ORISSAMINE,EQ,2720,1239,45.55
20,1735,ORTINGLOBE,EQ,27824,20150,72.42
20,1736,OSELDEVICE,ST,43200,41600,96.30
20,1737,OSWALAGRO,EQ,26994,16953,62.80
20,1738,OSWALGREEN,EQ,413098,146534,35.47
20,1739,OWAIS,SM,7800,6500,83.33
20,1740,PAGEIND,EQ,9446,4768,50.48
20,1741,PAISALO,EQ,772770,489291,63.32
20,1742,PAKKA,EQ,127794,69829,54.64
20,1743,PALASHSECU,EQ,4867,2464,50.63
20,1744,PALREDTEC,EQ,52478,28152,53.65
20,1745,PANACEABIO,EQ,79873,52219,65.38
20,1746,PANAMAPET,EQ,17046,8029,47.10
20,1747,PANSARI,EQ,607,327,53.87
20,1748,PAR,EQ,157777,44289,28.07
20,1749,PARACABLES,EQ,1502214,687223,45.75
20,1750,PARADEEP,EQ,7102419,2126006,29.93
20,1751,PARAGMILK,EQ,384229,154372,40.18
20,1752,PARAGON,ST,62400,62400,100.00
20,1753,PARAMATRIX,SM,1200,1200,100.00
20,1754,PARAS,EQ,45545,22008,48.32
20,1755,PARASPETRO,EQ,313562,280178,89.35
20,1756,PARIN,ST,6000,3500,58.33
20,1757,PARKHOTELS,EQ,1144861,619479,54.11
20,1758,PARTYCRUS,SM,6000,6000,100.00
20,1759,PASHUPATI,ST,35400,35400,100.00
20,1760,PATANJALI,EQ,281787,67954,24.12
20,1761,PATELENG,EQ,1902260,845041,44.42
20,1762,PATINTLOG,EQ,793694,212638,26.79
20,1763,PAYTM,EQ,6329723,1325540,20.94
20,1764,PCBL,EQ,1187917,479915,40.40
20,1765,PCCL,SM,16800,14000,83.33
20,1766,PCJEWELLER,EQ,8808239,4855977,55.13
20,1767,PDMJEPAPER,EQ,1068203,211958,19.84
20,1768,PDSL,EQ,37608,18398,48.92
20,1769,PEARLPOLY,EQ,50927,17406,34.18
20,1770,PEL,EQ,280371,55025,19.63
20,1771,PELATRO,ST,9600,9000,93.75
20,1772,PENIND,EQ,951934,345615,36.31
20,1773,PENINLAND,EQ,379617,173410,45.68
20,1774,PENTAGON,SM,6000,4000,66.67
20,1775,PERFECT,ST,33000,30000,90.91
20,1776,PERSISTENT,EQ,189395,48745,25.74
20,1777,PETRONET,EQ,688431,290279,42.17
20,1778,PFC,EQ,2624150,817228,31.14
20,1779,PFIZER,EQ,30466,12375,40.62
20,1780,PFOCUS,EQ,25338,18426,72.72
20,1781,PFS,EQ,466180,196668,42.19
20,1782,PGEL,EQ,1423588,550836,38.69
20,1783,PGHH,EQ,3391,1316,38.81
20,1784,PGHL,EQ,1313,761,57.96
20,1785,PGIL,EQ,69182,27399,39.60
20,1786,PGINVIT,IV,266269,220020,82.63
20,1787,PHANTOMFX,ST,14100,13800,97.87
20,1788,PHARMABEES,EQ,2365386,1422980,60.16
20,1789,PHOENIXLTD,EQ,327739,138712,42.32
20,1790,PHOGLOBAL,ST,24000,24000,100.00
20,1791,PIDILITIND,EQ,490525,337333,68.77
20,1792,PIIND,EQ,92935,44429,47.81
20,1793,PILANIINVS,EQ,6500,3172,48.80
20,1794,PILITA,EQ,50961,30290,59.44
20,1795,PITTIENG,EQ,21309,8514,39.95
20,1796,PIXTRANS,EQ,35673,10837,30.38
20,1797,PLADAINFO,SM,9000,9000,100.00
20,1798,PLASTIBLEN,EQ,16966,8556,50.43
20,1799,PLATIND,EQ,150081,68691,45.77
20,1800,PLAZACABLE,EQ,18540,11021,59.44
20,1801,PNB,EQ,10563476,2164870,20.49
20,1802,PNBGILTS,EQ,394721,174629,44.24
20,1803,PNBHOUSING,EQ,1010878,318472,31.50
20,1804,PNC,EQ,16821,10780,64.09
20,1805,PNCINFRA,EQ,763180,324914,42.57
20,1806,PNGJL,EQ,398457,254193,63.79
20,1807,POCL,EQ,78962,46830,59.31
20,1808,PODDARMENT,EQ,6427,5704,88.75
20,1809,POKARNA,EQ,23004,10662,46.35
20,1810,POLICYBZR,EQ,728019,434689,59.71
20,1811,POLYCAB,EQ,113918,43200,37.92
20,1812,POLYMED,EQ,63289,16997,26.86
20,1813,POLYPLEX,EQ,185224,79310,42.82
20,1814,POLYSIL,SM,4000,2000,50.00
20,1815,PONNIERODE,EQ,11260,6480,57.55
20,1816,POONAWALLA,EQ,665442,242793,36.49
20,1817,POSITRON,ST,8400,8100,96.43
20,1818,POWERGRID,EQ,4239498,1753293,41.36
20,1819,POWERINDIA,EQ,115862,32264,27.85
20,1820,POWERMECH,EQ,153842,40125,26.08
20,1821,PPAP,EQ,143156,44080,30.79
20,1822,PPL,EQ,103587,52305,50.49
20,1823,PPLPHARMA,EQ,3750638,1498242,39.95
20,1824,PPSL,SM,315000,252000,80.00
20,1825,PRAENG,EQ,86418,46774,54.13
20,1826,PRAJIND,EQ,4537312,1025669,22.61
20,1827,PRAKASH,EQ,520964,237983,45.68
20,1828,PRAKASHSTL,EQ,624505,370021,59.25
20,1829,PRAMARA,SM,2000,2000,100.00
20,1830,PRANIK,SM,33600,22400,66.67
20,1831,PRATHAM,ST,12000,12000,100.00
20,1832,PRECAM,EQ,207000,66788,32.26
20,1833,PRECISION,ST,14000,12000,85.71
20,1834,PRECWIRE,EQ,266667,135038,50.64
20,1835,PREMEXPLN,EQ,178930,50714,28.34
20,1836,PREMIERENE,EQ,1609505,370910,23.04
20,1837,PREMIUM,SM,3000,3000,100.00
20,1838,PRESSTONIC,ST,16800,16800,100.00
20,1839,PRESTIGE,EQ,457902,166330,36.32
20,1840,PRICOLLTD,EQ,234427,95506,40.74
20,1841,PRIMESECU,EQ,28880,11719,40.58
20,1842,PRINCEPIPE,EQ,113596,47773,42.06
20,1843,PRITI,EQ,33800,17538,51.89
20,1844,PRITIKA,ST,9000,9000,100.00
20,1845,PRITIKAUTO,EQ,172807,86075,49.81
20,1846,PRIVISCL,EQ,25330,19850,78.37
20,1847,PRIZOR,ST,19200,16800,87.50
20,1848,PRLIND,SM,3000,3000,100.00
20,1849,PROLIFE,SM,7000,5500,78.57
20,1850,PROV,SM,880,720,81.82
20,1851,PROZONER,EQ,5050476,3336146,66.06
20,1852,PRSMJOHNSN,EQ,147990,25710,17.37
20,1853,PRUDENT,EQ,9560,4831,50.53
20,1854,PSB,EQ,442911,147026,33.20
20,1855,PSFL,SM,6000,6000,100.00
20,1856,PSPPROJECT,EQ,104706,55176,52.70
20,1857,PSUBANK,EQ,4610,2931,63.58
20,1858,PSUBANKADD,EQ,3871,2906,75.07
20,1859,PSUBNKBEES,EQ,777716,409145,52.61
20,1860,PSUBNKIETF,EQ,155539,72846,46.83
20,1861,PTC,EQ,1537044,522241,33.98
20,1862,PTCIL,EQ,14167,8972,63.33
20,1863,PTL,EQ,39492,19842,50.24
20,1864,PULZ,ST,2000,2000,100.00
20,1865,PUNJABCHEM,EQ,3350,925,27.61
20,1866,PURPLEUTED,ST,62000,55000,88.71
20,1867,PURVA,EQ,167436,139420,83.27
20,1868,PURVFLEXI,SM,6400,6400,100.00
20,1869,PVP,EQ,540300,269122,49.81
20,1870,PVRINOX,EQ,209839,40080,19.10
20,1871,PVSL,EQ,33724,17283,51.25
20,1872,PVTBANIETF,EQ,909986,584249,64.20
20,1873,PVTBANKADD,EQ,19022,12744,67.00
20,1874,PYRAMID,EQ,38078,16850,44.25
20,1875,QFIL,SM,1000,1000,100.00
20,1876,QGOLDHALF,EQ,28059,23798,84.81
20,1877,QMSMEDI,SM,7000,7000,100.00
20,1878,QNIFTY,EQ,445,376,84.49
20,1879,QUAL30IETF,EQ,33520,13913,41.51
20,1880,QUESS,EQ,189355,67499,35.65
20,1881,QUESTLAB,SM,39600,34800,87.88
20,1882,QUICKHEAL,EQ,56156,14761,26.29
20,1883,QUICKTOUCH,ST,7000,7000,100.00
20,1884,QVCEL,ST,3200,3200,100.00
20,1885,RACE,EQ,18562,11991,64.60
20,1886,RACLGEAR,EQ,1380,770,55.80
20,1887,RADIANTCMS,EQ,199877,153402,76.75
20,1888,RADICO,EQ,152523,49073,32.17
20,1889,RADIOCITY,EQ,118688,65743,55.39
20,1890,RADIOCITY,P1,44855,44855,100.00
20,1891,RADIOWALLA,SM,1600,1600,100.00
20,1892,RAILTEL,EQ,853646,218281,25.57
20,1893,RAIN,EQ,1292244,621123,48.07
20,1894,RAINBOW,EQ,97632,19760,20.24
20,1895,RAJESHEXPO,EQ,396005,129180,32.62
20,1896,RAJINDLTD,SM,280500,166500,59.36
20,1897,RAJMET,EQ,459620,315734,68.69
20,1898,RAJPUTANA,SM,140000,56000,40.00
20,1899,RAJRATAN,EQ,13844,7939,57.35
20,1900,RAJSREESUG,EQ,30971,13416,43.32
20,1901,RALLIS,EQ,167508,79571,47.50
20,1902,RAMANEWS,EQ,79880,32068,40.15
20,1903,RAMAPHO,EQ,15284,9969,65.23
20,1904,RAMASTEEL,EQ,7289296,1883482,25.84
20,1905,RAMCOCEM,EQ,92295,20214,21.90
20,1906,RAMCOIND,EQ,58992,29799,50.51
20,1907,RAMCOSYS,EQ,52411,25552,48.75
20,1908,RAMKY,EQ,42223,25465,60.31
20,1909,RAMRAT,EQ,9799,6902,70.44
20,1910,RANASUG,EQ,159580,67291,42.17
20,1911,RANEENGINE,EQ,3711,1524,41.07
20,1912,RANEHOLDIN,EQ,2310,1217,52.68
20,1913,RAPPID,ST,25800,25200,97.67
20,1914,RATEGAIN,EQ,46388,26374,56.86
20,1915,RATNAMANI,EQ,13061,7738,59.25
20,1916,RATNAVEER,EQ,244342,106682,43.66
20,1917,RAYMOND,EQ,178925,27538,15.39
20,1918,RAYMONDLSL,EQ,50423,23216,46.04
20,1919,RBA,EQ,441545,184002,41.67
20,1920,RBL,EQ,3223,1540,47.78
20,1921,RBLBANK,EQ,7005806,2140352,30.55
20,1922,RBMINFRA,ST,25800,21000,81.40
20,1923,RBS,ST,12800,12800,100.00
20,1924,RBZJEWEL,EQ,213161,110807,51.98
20,1925,RCDL,SM,3000,3000,100.00
20,1926,RCF,EQ,7022303,1034594,14.73
20,1927,RECLTD,EQ,3238928,1376154,42.49
20,1928,REDINGTON,EQ,1513415,323348,21.37
20,1929,REDTAPE,EQ,23783,12343,51.90
20,1930,REFRACTORY,ST,24000,24000,100.00
20,1931,RELAXO,EQ,35256,16804,47.66
20,1932,RELCHEMQ,EQ,16716,12187,72.91
20,1933,RELIABLE,EQ,4372,3065,70.11
20,1934,RELIANCE,EQ,5892590,2746921,46.62
20,1935,RELIGARE,EQ,558949,274913,49.18
20,1936,RELINFRA,EQ,9317923,4593024,49.29
20,1937,RELTD,EQ,41668,25269,60.64
20,1938,REMSONSIND,EQ,55327,19255,34.80
20,1939,REMUS,SM,500,300,60.00
20,1940,RENUKA,EQ,4292407,919038,21.41
20,1941,REPCOHOME,EQ,153882,65410,42.51
20,1942,REPRO,EQ,5505,3850,69.94
20,1943,RESPONIND,EQ,2304972,2121889,92.06
20,1944,RETAIL,EQ,11475,7191,62.67
20,1945,REXPIPES,SM,6000,6000,100.00
20,1946,RGL,EQ,164270,80257,48.86
20,1947,RHIM,EQ,115006,58384,50.77
20,1948,RICOAUTO,EQ,402937,255859,63.50
20,1949,RIIL,EQ,208032,33459,16.08
20,1950,RILINFRA,ST,6300,4300,68.25
20,1951,RISHABH,EQ,17128,6082,35.51
20,1952,RITCO,EQ,62421,30846,49.42
20,1953,RITES,EQ,9912081,507516,5.12
20,1954,RITEZONE,SM,11200,9600,85.71
20,1955,RKEC,EQ,40264,30375,75.44
20,1956,RKFORGE,EQ,146516,37270,25.44
20,1957,RKSWAMY,EQ,40996,20605,50.26
20,1958,RMDRIP,ST,18500,16500,89.19
20,1959,RML,EQ,7420,4517,60.88
20,1960,RNFI,SM,1708800,1020000,59.69
20,1961,ROCKINGDCE,SM,36000,28750,79.86
20,1962,ROHLTD,EQ,447550,134558,30.07
20,1963,ROLEXRINGS,EQ,10765,5542,51.48
20,1964,ROML,EQ,1632,1244,76.23
20,1965,ROSSARI,EQ,18145,8968,49.42
20,1966,ROSSTECH,EQ,13971,9220,65.99
20,1967,ROTO,EQ,580705,137253,23.64
20,1968,ROUTE,EQ,22586,9490,42.02
20,1969,ROXHITECH,SM,64000,51200,80.00
20,1970,RPEL,EQ,56205,27212,48.42
20,1971,RPGLIFE,EQ,18240,4328,23.73
20,1972,RPOWER,EQ,33005564,13323607,40.37
20,1973,RPPL,EQ,48302,16223,33.59
20,1974,RPSGVENT,EQ,138522,62196,44.90
20,1975,RPTECH,EQ,148393,62332,42.00
20,1976,RRKABEL,EQ,45168,18476,40.91
20,1977,RSWM,EQ,63611,43581,68.51
20,1978,RSYSTEMS,EQ,40253,21428,53.23
20,1979,RTNINDIA,EQ,1808258,846845,46.83
20,1980,RTNPOWER,EQ,6509720,2539305,39.01
20,1981,RUBFILA,EQ,38132,25423,66.67
20,1982,RUBYMILLS,EQ,15834,7501,47.37
20,1983,RUCHINFRA,EQ,30493,23086,75.71
20,1984,RUCHIRA,EQ,37256,17387,46.67
20,1985,RULKA,SM,13500,9000,66.67
20,1986,RUPA,EQ,62576,28010,44.76
20,1987,RUSHIL,EQ,202658,86644,42.75
20,1988,RUSTOMJEE,EQ,19914,10051,50.47
20,1989,RVNL,EQ,2926296,815572,27.87
20,1990,SAAKSHI,SM,11400,8400,73.68
20,1991,SADBHAV,EQ,908396,508896,56.02
20,1992,SADBHIN,EQ,310778,150589,48.46
20,1993,SADHAV,SM,28800,17400,60.42
20,1994,SADHNANIQ,EQ,424234,157697,37.17
20,1995,SAFARI,EQ,9141,3532,38.64
20,1996,SAGARDEEP,EQ,25940,19433,74.92
20,1997,SAGCEM,EQ,19842,9664,48.70
20,1998,SAGILITY,EQ,33261883,15136709,45.51
20,1999,SAHAJ,SM,4000,4000,100.00
20,2000,SAHAJSOLAR,ST,13800,12000,86.96
20,2001,SAHANA,ST,13750,12875,93.64
20,2002,SAHASRA,SM,120000,84000,70.00
20,2003,SAHYADRI,EQ,3057,2417,79.06
20,2004,SAIFL,SM,19200,15200,79.17
20,2005,SAIL,EQ,7512039,2035419,27.10
20,2006,SAILIFE,EQ,2207719,535610,24.26
20,2007,SAKAR,EQ,14830,7898,53.26
20,2008,SAKHTISUG,EQ,162188,83111,51.24
20,2009,SAKSOFT,EQ,81235,39687,48.85
20,2010,SALASAR,EQ,17533092,10220965,58.30
20,2011,SALONA,EQ,211,197,93.36
20,2012,SALSTEEL,EQ,45468,33196,73.01
20,2013,SALZERELEC,EQ,79367,39118,49.29
20,2014,SAMHI,EQ,1171853,552834,47.18
20,2015,SAMMAANCAP,EQ,1806501,804741,44.55
20,2016,SANATHAN,EQ,872546,330807,37.91
20,2017,SANDESH,EQ,986,492,49.90
20,2018,SANDHAR,EQ,58965,34674,58.80
20,2019,SANDUMA,EQ,109954,64447,58.61
20,2020,SANGAMIND,EQ,25454,20291,79.72
20,2021,SANGANI,ST,12000,12000,100.00
20,2022,SANGHIIND,EQ,349510,153942,44.05
20,2023,SANGHVIMOV,EQ,90789,49542,54.57
20,2024,SANGINITA,EQ,62992,45567,72.34
20,2025,SANOFI,EQ,5074,2843,56.03
20,2026,SANOFICONR,EQ,2854,1503,52.66
20,2027,SANSERA,EQ,89580,61209,68.33
20,2028,SANSTAR,EQ,263996,125685,47.61
20,2029,SAPPHIRE,EQ,422687,116881,27.65
20,2030,SARDAEN,EQ,558480,156466,28.02
20,2031,SAREGAMA,EQ,955806,234221,24.51
20,2032,SAROJA,SM,4800,1600,33.33
20,2033,SARTELE,SM,67000,40500,60.45
20,2034,SARVESHWAR,EQ,7268369,4269940,58.75
20,2035,SASKEN,EQ,4048,2805,69.29
20,2036,SASTASUNDR,EQ,10215,5841,57.18
20,2037,SATECH,ST,20000,20000,100.00
20,2038,SATIA,EQ,94012,45320,48.21
20,2039,SATIN,EQ,72571,36507,50.31
20,2040,SATINDLTD,EQ,168062,77444,46.08
20,2041,SATIPOLY,SM,2000,1500,75.00
20,2042,SAURASHCEM,EQ,34158,15918,46.60
20,2043,SBC,EQ,2499889,1377910,55.12
20,2044,SBCL,EQ,52806,27160,51.43
20,2045,SBFC,EQ,808124,348555,43.13
20,2046,SBGLP,EQ,373185,142711,38.24
20,2047,SBICARD,EQ,443863,161697,36.43
20,2048,SBIETFCON,EQ,3110,2363,75.98
20,2049,SBIETFIT,EQ,3835,2505,65.32
20,2050,SBIETFPB,EQ,3687,1369,37.13
20,2051,SBIETFQLTY,EQ,1151,1026,89.14
20,2052,SBILIFE,EQ,511676,265275,51.84
20,2053,SBIN,EQ,7273098,3460010,47.57
20,2054,SBINEQWETF,EQ,7952,7005,88.09
20,2055,SBISILVER,EQ,44699,42126,94.24
20,2056,SCHAEFFLER,EQ,23861,12196,51.11
20,2057,SCHAND,EQ,20380,11112,54.52
20,2058,SCHNEIDER,EQ,137301,43107,31.40
20,2059,SCI,EQ,787601,268685,34.11
20,2060,SCILAL,EQ,701913,321166,45.76
20,2061,SCLZC25B,AT,10,10,100.00
20,2062,SCML,SM,2000,1000,50.00
20,2063,SDBL,EQ,287515,132028,45.92
20,2064,SDL26BEES,EQ,1989,101,5.08
20,2065,SDREAMS,SM,20000,14000,70.00
20,2066,SEAMECLTD,EQ,9067,5468,60.31
20,2067,SECL,ST,25000,25000,100.00
20,2068,SECMARK,EQ,586,365,62.29
20,2069,SECURKLOUD,EQ,75452,35772,47.41
20,2070,SEL,ST,1200,1200,100.00
20,2071,SELAN,EQ,18184,10141,55.77
20,2072,SELMC,EQ,9894,2838,28.68
20,2073,SENCO,EQ,272843,89662,32.86
20,2074,SENORES,EQ,1164442,421908,36.23
20,2075,SENSEXADD,EQ,3878,2587,66.71
20,2076,SENSEXETF,EQ,5041,3346,66.38
20,2077,SENSEXIETF,EQ,2100,1250,59.52
20,2078,SEPC,EQ,9653478,2481518,25.71
20,2079,SEQUENT,EQ,257379,174599,67.84
20,2080,SERVICE,SM,10000,10000,100.00
20,2081,SERVOTECH,EQ,452959,222024,49.02
20,2082,SESHAPAPER,EQ,41122,11679,28.40
20,2083,SETF10GILT,EQ,6114,4570,74.75
20,2084,SETFGOLD,EQ,1095460,889700,81.22
20,2085,SETFNIF50,EQ,250409,186898,74.64
20,2086,SETFNIFBK,EQ,22628,13737,60.71
20,2087,SETFNN50,EQ,39160,25258,64.50
20,2088,SFL,EQ,148797,61276,41.18
20,2089,SFLZC25A,ZK,3,3,100.00
20,2090,SFML,ST,536000,484800,90.45
20,2091,SGBAPR28I,GB,91,86,94.51
20,2092,SGBAUG27,GB,81,68,83.95
20,2093,SGBAUG28V,GB,1385,1050,75.81
20,2094,SGBAUG29V,GB,151,114,75.50
20,2095,SGBAUG30,GB,107,74,69.16
20,2096,SGBD29VIII,GB,178,110,61.80
20,2097,SGBDC27VII,GB,17,17,100.00
20,2098,SGBDE30III,GB,285,240,84.21
20,2099,SGBDE31III,GB,502,392,78.09
20,2100,SGBDEC2512,GB,1,1,100.00
20,2101,SGBFEB27,GB,8,4,50.00
20,2102,SGBFEB29XI,GB,194,194,100.00
20,2103,SGBFEB32IV,GB,1297,971,74.87
20,2104,SGBJ28VIII,GB,13,13,100.00
20,2105,SGBJAN27,GB,3,3,100.00
20,2106,SGBJAN29IX,GB,319,298,93.42
20,2107,SGBJAN29X,GB,38,38,100.00
20,2108,SGBJAN30IX,GB,87,85,97.70
20,2109,SGBJU29III,GB,103,100,97.09
20,2110,SGBJUL25,GB,8,8,100.00
20,2111,SGBJUL28IV,GB,223,161,72.20
20,2112,SGBJUL29IV,GB,51,42,82.35
20,2113,SGBJUN27,GB,18,15,83.33
20,2114,SGBJUN28,GB,205,155,75.61
20,2115,SGBJUN29II,GB,92,62,67.39
20,2116,SGBJUN30,GB,119,109,91.60
20,2117,SGBJUN31I,GB,218,157,72.02
20,2118,SGBMAR25,GB,1,1,100.00
20,2119,SGBMAR28X,GB,28,28,100.00
20,2120,SGBMAR30X,GB,17,15,88.24
20,2121,SGBMAR31IV,GB,276,201,72.83
20,2122,SGBMAY25,GB,47,47,100.00
20,2123,SGBMAY26,GB,2,2,100.00
20,2124,SGBMAY28,GB,633,521,82.31
20,2125,SGBMAY29I,GB,152,125,82.24
20,2126,SGBMR29XII,GB,214,179,83.64
20,2127,SGBN28VIII,GB,114,84,73.68
20,2128,SGBNOV25,GB,5,4,80.00
20,2129,SGBNOV25IX,GB,18,10,55.56
20,2130,SGBNOV26,GB,1,1,100.00
20,2131,SGBNV29VII,GB,134,74,55.22
20,2132,SGBOC28VII,GB,23,17,73.91
20,2133,SGBOCT25,GB,19,17,89.47
20,2134,SGBOCT25IV,GB,89,74,83.15
20,2135,SGBOCT25V,GB,24,24,100.00
20,2136,SGBOCT26,GB,3,3,100.00
20,2137,SGBOCT27,GB,93,92,98.92
20,2138,SGBOCT27VI,GB,17,17,100.00
20,2139,SGBSEP28VI,GB,221,221,100.00
20,2140,SGBSEP29VI,GB,84,54,64.29
20,2141,SGBSEP31II,GB,1167,1049,89.89
20,2142,SGL,EQ,40540,17717,43.70
20,2143,SHAH,EQ,277013,198963,71.82
20,2144,SHAKTIPUMP,EQ,526656,304905,57.89
20,2145,SHALBY,EQ,114765,67336,58.67
20,2146,SHALPAINTS,EQ,47306,19227,40.64
20,2147,SHANKARA,EQ,68833,45125,65.56
20,2148,SHANTHALA,ST,14400,10800,75.00
20,2149,SHANTI,EQ,310158,220110,70.97
20,2150,SHANTIGEAR,EQ,7033,4507,64.08
20,2151,SHARDACROP,EQ,114112,43245,37.90
20,2152,SHARDAMOTR,EQ,12743,6076,47.68
20,2153,SHAREINDIA,EQ,1129800,377102,33.38
20,2154,SHARIABEES,EQ,2153,1270,58.99
20,2155,SHEETAL,SM,32000,22000,68.75
20,2156,SHEMAROO,EQ,13339,7103,53.25
20,2157,SHERA,SM,164000,65000,39.63
20,2158,SHIGAN,SM,1500,1500,100.00
20,2159,SHILPAMED,EQ,185623,77034,41.50
20,2160,SHIVALIK,EQ,70480,51679,73.32
20,2161,SHIVAMAUTO,EQ,105856,52435,49.53
20,2162,SHIVAMILLS,EQ,13123,4917,37.47
20,2163,SHIVATEX,EQ,7168,1547,21.58
20,2164,SHK,EQ,556613,135134,24.28
20,2165,SHOPERSTOP,EQ,26512,15805,59.61
20,2166,SHREDIGCEM,EQ,141682,52784,37.26
20,2167,SHREECEM,EQ,16145,4450,27.56
20,2168,SHREEKARNI,SM,8250,7500,90.91
20,2169,SHREEOSFM,SM,43000,35000,81.40
20,2170,SHREEPUSHK,EQ,36426,12026,33.01
20,2171,SHRENIK,EQ,1164293,845196,72.59
20,2172,SHREYANIND,EQ,16968,9853,58.07
20,2173,SHRIPISTON,EQ,31488,11934,37.90
20,2174,SHRIRAMFIN,EQ,259435,84829,32.70
20,2175,SHRIRAMPPS,EQ,600783,216688,36.07
20,2176,SHRITECH,SM,54000,44000,81.48
20,2177,SHUBHLAXMI,ST,41000,40000,97.56
20,2178,SHUBHSHREE,ST,7200,7200,100.00
20,2179,SHYAMCENT,EQ,127818,80629,63.08
20,2180,SHYAMMETL,EQ,217284,115442,53.13
20,2181,SIDDHIKA,SM,6000,6000,100.00
20,2182,SIEMENS,EQ,233030,115726,49.66
20,2183,SIGACHI,EQ,1617676,329931,20.40
20,2184,SIGIND,EQ,20682,12500,60.44
20,2185,SIGMA,EQ,7947,3855,48.51
20,2186,SIGNATURE,EQ,553976,15406,2.78
20,2187,SIKKO,EQ,158054,34779,22.00
20,2188,SIL,EQ,17761,10454,58.86
20,2189,SILGO,EQ,25263,10872,43.04
20,2190,SILKFLEX,ST,10000,10000,100.00
20,2191,SILLYMONKS,EQ,18285,12830,70.17
20,2192,SILVER,EQ,180887,172620,95.43
20,2193,SILVER1,EQ,25833,24100,93.29
20,2194,SILVERADD,EQ,17463,14564,83.40
20,2195,SILVERBEES,EQ,3201447,2702199,84.41
20,2196,SILVERETF,EQ,87707,82950,94.58
20,2197,SILVERIETF,EQ,1168690,1068638,91.44
20,2198,SILVERTUC,EQ,30573,11096,36.29
20,2199,SILVRETF,EQ,15836,15036,94.95
20,2200,SINCLAIR,EQ,1117350,459394,41.11
20,2201,SINDHUTRAD,EQ,237501,114305,48.13
20,2202,SINTERCOM,EQ,5142,2144,41.70
20,2203,SIRCA,EQ,54279,26869,49.50
20,2204,SIS,EQ,13597,6989,51.40
20,2205,SIYSIL,EQ,152220,49564,32.56
20,2206,SJLOGISTIC,ST,38250,35500,92.81
20,2207,SJS,EQ,196384,81394,41.45
20,2208,SJVN,EQ,70715703,5375688,7.60
20,2209,SKFINDIA,EQ,6708,3535,52.70
20,2210,SKIPPER,EQ,706967,281079,39.76
20,2211,SKMEGGPROD,EQ,49435,24897,50.36
20,2212,SKP,SM,12000,8500,70.83
20,2213,SLONE,ST,5600,5600,100.00
20,2214,SMALLCAP,EQ,458489,431405,94.09
20,2215,SMCGLOBAL,EQ,55368,30972,55.94
20,2216,SMLISUZU,EQ,63780,13327,20.90
20,2217,SMLT,EQ,31850,17400,54.63
20,2218,SMSPHARMA,EQ,360834,111738,30.97
20,2219,SMVD,SM,8080,8080,100.00
20,2220,SNOWMAN,EQ,234837,98108,41.78
20,2221,SOBHA,EQ,40749,13958,34.25
20,2222,SOLARA,EQ,217911,128835,59.12
20,2223,SOLARAPP,E1,987,701,71.02
20,2224,SOLARINDS,EQ,25116,10982,43.73
20,2225,SOLEX,SM,9375,6250,66.67
20,2226,SOMANYCERA,EQ,7293,4609,63.20
20,2227,SOMICONVEY,EQ,121766,65143,53.50
20,2228,SONACOMS,EQ,453009,172091,37.99
20,2229,SONAMAC,ST,8000,7000,87.50
20,2230,SONATSOFTW,EQ,272422,127041,46.63
20,2231,SONUINFRA,ST,3000,3000,100.00
20,2232,SOTAC,SM,2400,2400,100.00
20,2233,SOTL,EQ,202974,35832,17.65
20,2234,SOUTHBANK,EQ,4964334,2280852,45.94
20,2235,SOUTHWEST,EQ,428350,199465,46.57
20,2236,SPAL,EQ,31674,12431,39.25
20,2237,SPANDANA,EQ,184777,88846,48.08
20,2238,SPARC,EQ,357044,175621,49.19
20,2239,SPCENET,EQ,3644381,1757981,48.24
20,2240,SPCL,ST,38400,29400,76.56
20,2241,SPECIALITY,EQ,41359,25637,61.99
20,2242,SPECTRUM,SM,2375,2125,89.47
20,2243,SPECTSTM,ST,7200,7200,100.00
20,2244,SPENCERS,EQ,167179,124979,74.76
20,2245,SPIC,EQ,489242,163280,33.37
20,2246,SPLIL,EQ,66809,29473,44.12
20,2247,SPLPETRO,EQ,56532,38029,67.27
20,2248,SPORTKING,EQ,113906,60220,52.87
20,2249,SPPPOLY,ST,14000,12000,85.71
20,2250,SREEL,EQ,7283,4135,56.78
20,2251,SRF,EQ,136970,80836,59.02
20,2252,SRGHFL,EQ,5011,3234,64.54
20,2253,SRHHYPOLTD,EQ,29068,11044,37.99
20,2254,SRIVASAVI,SM,12000,9000,75.00
20,2255,SRM,EQ,54413,26240,48.22
20,2256,SSDL,EQ,56691,21838,38.52
20,2257,SSEGL,ST,20400,19200,94.12
20,2258,SSFL,ST,7000,6000,85.71
20,2259,SSWL,EQ,713309,110566,15.50
20,2260,STANLEY,EQ,35829,15215,42.47
20,2261,STAR,EQ,3458627,730306,21.12
20,2262,STARCEMENT,EQ,941172,281361,29.89
20,2263,STARHEALTH,EQ,289465,123468,42.65
20,2264,STARPAPER,EQ,16505,7078,42.88
20,2265,STARTECK,EQ,9555,4910,51.39
20,2266,STCINDIA,EQ,71330,29378,41.19
20,2267,STEELCAS,EQ,2642,1360,51.48
20,2268,STEELCITY,EQ,33994,19054,56.05
20,2269,STEELXIND,EQ,728183,481285,66.09
20,2270,STEL,EQ,4561,3033,66.50
20,2271,STERTOOLS,EQ,350356,116999,33.39
20,2272,STLTECH,EQ,477354,197502,41.37
20,2273,STOVEKRAFT,EQ,46025,18666,40.56
20,2274,STYLAMIND,EQ,69446,30074,43.31
20,2275,STYLEBAAZA,EQ,115938,56172,48.45
20,2276,STYRENIX,EQ,30171,14734,48.83
20,2277,SUBEXLTD,EQ,5538543,1440909,26.02
20,2278,SUBROS,EQ,23410,11271,48.15
20,2279,SUDARSCHEM,EQ,47546,23563,49.56
20,2280,SUKHJITS,EQ,3678,1967,53.48
20,2281,SULA,EQ,93569,35636,38.09
20,2282,SUMICHEM,EQ,130920,72038,55.02
20,2283,SUMMITSEC,EQ,6371,3458,54.28
20,2284,SUNCLAY,EQ,4566,2883,63.14
20,2285,SUNDARAM,EQ,467915,375843,80.32
20,2286,SUNDARMFIN,EQ,35109,16987,48.38
20,2287,SUNDARMHLD,EQ,45241,23025,50.89
20,2288,SUNDRMFAST,EQ,83788,49863,59.51
20,2289,SUNLITE,SM,12000,10800,90.00
20,2290,SUNPHARMA,EQ,1338092,699316,52.26
20,2291,SUNTECK,EQ,69163,32945,47.63
20,2292,SUNTV,EQ,201022,31351,15.60
20,2293,SUPERHOUSE,EQ,4023,2543,63.21
20,2294,SUPRAJIT,EQ,40925,20400,49.85
20,2295,SUPREMEIND,EQ,244103,210362,86.18
20,2296,SUPREMEPWR,ST,36000,31500,87.50
20,2297,SUPRIYA,EQ,415322,166474,40.08
20,2298,SURAJEST,EQ,15990,8770,54.85
20,2299,SURAKSHA,EQ,236740,77298,32.65
20,2300,SURANAT&P,EQ,90358,49378,54.65
20,2301,SURANI,ST,5600,5400,96.43
20,2302,SURYALAXMI,EQ,18900,7727,40.88
20,2303,SURYAROSNI,EQ,835723,298403,35.71
20,2304,SURYODAY,EQ,205238,102810,50.09
20,2305,SUTLEJTEX,EQ,91003,38358,42.15
20,2306,SUVEN,EQ,238050,106835,44.88
20,2307,SUVENPHAR,EQ,855007,314118,36.74
20,2308,SUVIDHAA,EQ,552450,297081,53.78
20,2309,SUYOG,EQ,19847,8497,42.81
20,2310,SUZLON,EQ,62229972,20930646,33.63
20,2311,SWANENERGY,EQ,1926380,454888,23.61
20,2312,SWARAJ,ST,7500,7000,93.33
20,2313,SWARAJENG,EQ,3315,1850,55.81
20,2314,SWASTIK,SM,6000,6000,100.00
20,2315,SWELECTES,EQ,22954,11225,48.90
20,2316,SWIGGY,EQ,4500187,705092,15.67
20,2317,SWSOLAR,EQ,826494,364627,44.12
20,2318,SYLVANPLY,SM,6000,6000,100.00
20,2319,SYMPHONY,EQ,54025,23560,43.61
20,2320,SYNCOMF,EQ,2539057,1091584,42.99
20,2321,SYNGENE,EQ,741531,474313,63.96
20,2322,SYRMA,EQ,5396426,861178,15.96
20,2323,SYSTANGO,SM,28800,23200,80.56
20,2324,TAC,ST,4000,4000,100.00
20,2325,TAINWALCHM,EQ,1496,940,62.83
20,2326,TAJGVK,EQ,3593262,894728,24.90
20,2327,TAKE,EQ,101410,66036,65.12
20,2328,TALBROAUTO,EQ,61696,31213,50.59
20,2329,TANLA,EQ,26072951,929623,3.57
20,2330,TAPIFRUIT,SM,3000,3000,100.00
20,2331,TARACHAND,EQ,854580,315077,36.87
20,2332,TARC,EQ,193020,85033,44.05
20,2333,TARMAT,EQ,28924,11409,39.44
20,2334,TARSONS,EQ,19862,10456,52.64
20,2335,TASTYBITE,EQ,1237,700,56.59
20,2336,TATACHEM,EQ,630282,234828,37.26
20,2337,TATACOMM,EQ,115875,48582,41.93
20,2338,TATACONSUM,EQ,641424,342590,53.41
20,2339,TATAELXSI,EQ,91883,33253,36.19
20,2340,TATAGOLD,EQ,2560137,1674216,65.40
20,2341,TATAINVEST,EQ,40662,11172,27.48
20,2342,TATAMOTORS,EQ,7792251,2687348,34.49
20,2343,TATAPOWER,EQ,4404708,2024886,45.97
20,2344,TATASTEEL,EQ,18169498,7838300,43.14
20,2345,TATATECH,EQ,438587,188385,42.95
20,2346,TATSILV,EQ,759454,719990,94.80
20,2347,TATVA,EQ,26726,17376,65.02
20,2348,TBI,ST,7800,7800,100.00
20,2349,TBOTEK,EQ,81691,30923,37.85
20,2350,TBZ,EQ,303904,116140,38.22
20,2351,TCHF30,NB,50,50,100.00
20,2352,TCI,EQ,28047,9737,34.72
20,2353,TCIEXP,EQ,11760,7356,62.55
20,2354,TCL,SM,17600,12800,72.73
20,2355,TCLCONS,EQ,338144,150080,44.38
20,2356,TCPLPACK,EQ,758,316,41.69
20,2357,TCS,EQ,763161,369867,48.47
20,2358,TDPOWERSYS,EQ,334889,223692,66.80
20,2359,TEAMLEASE,EQ,9410,4036,42.89
20,2360,TECH,EQ,2268,2083,91.84
20,2361,TECHERA,ST,126400,126400,100.00
20,2362,TECHLABS,ST,99750,96125,96.37
20,2363,TECHM,EQ,721479,323173,44.79
20,2364,TECHNOE,EQ,660930,149739,22.66
20,2365,TEGA,EQ,18988,7968,41.96
20,2366,TEJASNET,EQ,399734,176198,44.08
20,2367,TEXINFRA,EQ,194435,82499,42.43
20,2368,TEXMOPIPES,EQ,41086,18932,46.08
20,2369,TEXRAIL,EQ,1316097,459882,34.94
20,2370,TFCILTD,EQ,189754,80025,42.17
20,2371,TGBHOTELS,EQ,31824,24790,77.90
20,2372,TGL,ST,18800,16800,89.36
20,2373,THANGAMAYL,EQ,14018,6148,43.86
20,2374,THEINVEST,EQ,13167,5447,41.37
20,2375,THEJO,EQ,3025,1812,59.90
20,2376,THEMISMED,EQ,40663,26348,64.80
20,2377,THERMAX,EQ,74475,32839,44.09
20,2378,THESL,ST,15000,15000,100.00
20,2379,THOMASCOOK,EQ,383367,181159,47.25
20,2380,THYROCARE,EQ,10832,6356,58.68
20,2381,TI,EQ,567601,236949,41.75
20,2382,TIIL,EQ,7133,3891,54.55
20,2383,TIINDIA,EQ,54944,24750,45.05
20,2384,TIMETECHNO,EQ,905739,200558,22.14
20,2385,TIMKEN,EQ,105998,68642,64.76
20,2386,TIPSMUSIC,EQ,321646,186874,58.10
20,2387,TIRUMALCHM,EQ,213921,101905,47.64
20,2388,TIRUPATI,SM,12500,10250,82.00
20,2389,TITAGARH,EQ,995689,275150,27.63
20,2390,TITAN,EQ,357376,195460,54.69
20,2391,TMB,EQ,23605,14187,60.10
20,2392,TNIDETF,EQ,26306,20367,77.42
20,2393,TNPETRO,EQ,41610,19725,47.40
20,2394,TNPL,EQ,540783,124129,22.95
20,2395,TOKYOPLAST,EQ,10582,5555,52.49
20,2396,TOLINS,EQ,164276,66718,40.61
20,2397,TOP100CASE,EQ,180448,158020,87.57
20,2398,TOP10ADD,EQ,18328,13831,75.46
20,2399,TORNTPHARM,EQ,174032,92288,53.03
20,2400,TORNTPOWER,EQ,535228,266630,49.82
20,2401,TOTAL,EQ,7385,3474,47.04
20,2402,TOUCHWOOD,EQ,6990,4822,68.98
20,2403,TPLPLASTEH,EQ,149575,29660,19.83
20,2404,TRACXN,EQ,311801,184244,59.09
20,2405,TRANSRAILL,EQ,2521127,738915,29.31
20,2406,TRANSTEEL,ST,78000,74000,94.87
20,2407,TRANSWORLD,EQ,42804,17242,40.28
20,2408,TREJHARA,EQ,9822,7302,74.34
20,2409,TREL,EQ,232710,108364,46.57
20,2410,TRENT,EQ,412650,146705,35.55
20,2411,TRF,EQ,15112,7597,50.27
20,2412,TRIDENT,EQ,5252775,1160527,22.09
20,2413,TRIDHYA,SM,3000,3000,100.00
20,2414,TRIGYN,EQ,122731,44914,36.60
20,2415,TRITURBINE,EQ,282573,101766,36.01
20,2416,TRIVENI,EQ,1506026,264332,17.55
20,2417,TROM,SM,24000,18600,77.50
20,2418,TRUST,SM,45600,22800,50.00
20,2419,TTKHLTCARE,EQ,725,387,53.38
20,2420,TTKPRESTIG,EQ,9714,4417,45.47
20,2421,TTML,EQ,4736167,890605,18.80
20,2422,TUNWAL,SM,148000,102000,68.92
20,2423,TVSELECT,EQ,156535,59224,37.83
20,2424,TVSHLTD,EQ,124434,53116,42.69
20,2425,TVSMOTOR,EQ,330907,122619,37.06
20,2426,TVSSCS,EQ,292144,109828,37.59
20,2427,TVSSRICHAK,EQ,1292,824,63.78
20,2428,TVTODAY,EQ,91223,45456,49.83
20,2429,UBL,EQ,164563,51018,31.00
20,2430,UCOBANK,EQ,2797343,889427,31.80
20,2431,UDAICEMENT,EQ,141424,71567,50.60
20,2432,UDS,EQ,144190,84484,58.59
20,2433,UFLEX,EQ,47935,21729,45.33
20,2434,UFO,EQ,28217,16471,58.37
20,2435,UGARSUGAR,EQ,368862,166853,45.23
20,2436,UGROCAP,EQ,62438,36755,58.87
20,2437,UHTL,ST,144000,134000,93.06
20,2438,UJJIVANSFB,EQ,4011301,1971595,49.15
20,2439,ULTRACEMCO,EQ,107951,42274,39.16
20,2440,UMA,SM,368000,232000,63.04
20,2441,UMAEXPORTS,EQ,127444,41280,32.39
20,2442,UMESLTD,EQ,17036,13887,81.52
20,2443,UNICHEMLAB,EQ,16066,8594,53.49
20,2444,UNIDT,EQ,14335,9871,68.86
20,2445,UNIECOM,EQ,412819,113696,27.54
20,2446,UNIENTER,EQ,14773,6929,46.90
20,2447,UNIHEALTH,SM,14000,10000,71.43
20,2448,UNIINFO,EQ,11936,4957,41.53
20,2449,UNILEX,SM,36800,36800,100.00
20,2450,UNIMECH,EQ,4977937,826645,16.61
20,2451,UNIONBANK,EQ,8788317,3735412,42.50
20,2452,UNIPARTS,EQ,21137,10037,47.49
20,2453,UNITDSPR,EQ,433570,123776,28.55
20,2454,UNITEDTEA,EQ,160175,50754,31.69
20,2455,UNIVASTU,EQ,377293,144734,38.36
20,2456,UNIVCABLES,EQ,47272,19831,41.95
20,2457,UNOMINDA,EQ,215442,112626,52.28
20,2458,UPL,EQ,588602,261159,44.37
20,2459,UPLPP,E1,240992,201070,83.43
20,2460,URAVI,EQ,972,552,56.79
20,2461,URBAN,ST,2800,2800,100.00
20,2462,USHAFIN,SM,10400,7200,69.23
20,2463,USHAMART,EQ,382882,126661,33.08
20,2464,USK,EQ,203957,111975,54.90
20,2465,UTIAMC,EQ,196319,110881,56.48
20,2466,UTIBANKETF,EQ,49234,43470,88.29
20,2467,UTINEXT50,EQ,39498,29738,75.29
20,2468,UTINIFTETF,EQ,8427,7048,83.64
20,2469,UTISENSETF,EQ,1802,932,51.72
20,2470,UTISXN50,EQ,1417,1351,95.34
20,2471,UTKARSHBNK,EQ,1173854,499721,42.57
20,2472,UTSSAV,ST,13200,13200,100.00
20,2473,UTTAMSUGAR,EQ,43940,14595,33.22
20,2474,UWCSL,ST,1000,1000,100.00
20,2475,UYFINCORP,EQ,49996,29868,59.74
20,2476,VADILALIND,EQ,2058,1043,50.68
20,2477,VAIBHAVGBL,EQ,443600,182513,41.14
20,2478,VAKRANGEE,EQ,6898746,2415324,35.01
20,2479,VAL30IETF,EQ,39342,21632,54.98
20,2480,VALIANTLAB,EQ,39220,21686,55.29
20,2481,VALIANTORG,EQ,24094,12148,50.42
20,2482,VARDHACRLC,EQ,42215,20204,47.86
20,2483,VARROC,EQ,143062,41872,29.27
20,2484,VASA,SM,4000,4000,100.00
20,2485,VASCONEQ,EQ,570174,250313,43.90
20,2486,VBL,EQ,2625048,1491166,56.81
20,2487,VDEAL,SM,28800,27600,95.83
20,2488,VEDL,EQ,5403126,2260473,41.84
20,2489,VEEDOL,EQ,10542,6679,63.36
20,2490,VEEKAYEM,ST,5500,5500,100.00
20,2491,VELS,SM,1200,1200,100.00
20,2492,VENKEYS,EQ,30266,14569,48.14
20,2493,VENTIVE,EQ,548645,231422,42.18
20,2494,VENUSPIPES,EQ,71100,16776,23.59
20,2495,VENUSREM,EQ,15551,8650,55.62
20,2496,VERANDA,EQ,27770,17438,62.79
20,2497,VERITAAS,SM,4800,3600,75.00
20,2498,VERTOZ,EQ,1079475,683319,63.30
20,2499,VESUVIUS,EQ,9564,5574,58.28
20,2500,VGUARD,EQ,1869368,246410,13.18
20,2501,VHL,EQ,752,409,54.39
20,2502,VIAZ,SM,6000,6000,100.00
20,2503,VIDHIING,EQ,24200,11552,47.74
20,2504,VIESL,SM,128800,73600,57.14
20,2505,VIJAYA,EQ,72172,26874,37.24
20,2506,VIKASECO,EQ,7462449,2996751,40.16
20,2507,VIKASLIFE,EQ,2498045,1519851,60.84
20,2508,VILAS,ST,17500,17000,97.14
20,2509,VILINBIO,SM,12000,8000,66.67
20,2510,VIMTALABS,EQ,60883,20934,34.38
20,2511,VINATIORGA,EQ,13093,5293,40.43
20,2512,VINCOFE,EQ,372027,219295,58.95
20,2513,VINDHYATEL,EQ,10929,5770,52.80
20,2514,VINEETLAB,EQ,16880,8188,48.51
20,2515,VINSYS,SM,4000,4000,100.00
20,2516,VINYAS,ST,2400,2200,91.67
20,2517,VINYLINDIA,EQ,6611,3624,54.82
20,2518,VIPCLOTHNG,EQ,828322,598757,72.29
20,2519,VIPIND,EQ,262108,182215,69.52
20,2520,VIRINCHI,EQ,171150,107940,63.07
20,2521,VISAKAIND,EQ,83045,46523,56.02
20,2522,VISHNU,EQ,33955,19350,56.99
20,2523,VISHNUINFR,ST,4500,4500,100.00
20,2524,VISHWARAJ,EQ,557858,256274,45.94
20,2525,VISHWAS,SM,11200,6400,57.14
20,2526,VITAL,SM,9600,8400,87.50
20,2527,VIVIANA,ST,5875,5625,95.74
20,2528,VIVIDHA,EQ,289036,246745,85.37
20,2529,VIVO,SM,1600,1600,100.00
20,2530,VLEGOV,EQ,1293664,819310,63.33
20,2531,VLINFRA,ST,13500,13500,100.00
20,2532,VLSFINANCE,EQ,18240,8389,45.99
20,2533,VMARCIND,ST,33250,32500,97.74
20,2534,VMART,EQ,20683,12511,60.49
20,2535,VMM,EQ,11689297,4349342,37.21
20,2536,VOLTAMP,EQ,19834,6539,32.97
20,2537,VOLTAS,EQ,831427,322787,38.82
20,2538,VPRPL,EQ,493007,167953,34.07
20,2539,VR,ST,3600,3600,100.00
20,2540,VRAJ,EQ,53959,23011,42.65
20,2541,VRLLOG,EQ,42212,18481,43.78
20,2542,VSSL,EQ,39063,18958,48.53
20,2543,VSTIND,EQ,136975,60758,44.36
20,2544,VSTL,EQ,19581,12223,62.42
20,2545,VSTTILLERS,EQ,21651,9163,42.32
20,2546,VTL,EQ,185598,129337,69.69
20,2547,WAAREEENER,EQ,833148,171348,20.57
20,2548,WABAG,EQ,296793,95622,32.22
20,2549,WALCHANNAG,EQ,597991,188072,31.45
20,2550,WALPAR,SM,8000,8000,100.00
20,2551,WANBURY,EQ,299393,159782,53.37
20,2552,WCIL,EQ,272693,117591,43.12
20,2553,WEIZMANIND,EQ,6873,3462,50.37
20,2554,WEL,EQ,781480,300392,38.44
20,2555,WELCORP,EQ,138440,67763,48.95
20,2556,WELENT,EQ,129951,62764,48.30
20,2557,WELINV,EQ,1226,910,74.23
20,2558,WELSPUNLIV,EQ,1785947,439322,24.60
20,2559,WENDT,EQ,459,362,78.87
20,2560,WESTLIFE,EQ,50506,17502,34.65
20,2561,WEWIN,EQ,41261,26030,63.09
20,2562,WHEELS,EQ,32991,18437,55.88
20,2563,WHIRLPOOL,EQ,29114,11085,38.07
20,2564,WILLAMAGOR,EQ,26669,19249,72.18
20,2565,WINDLAS,EQ,52559,29651,56.41
20,2566,WINDMACHIN,EQ,74196,46027,62.03
20,2567,WINSOL,SM,13200,9600,72.73
20,2568,WIPRO,EQ,7878201,3953484,50.18
20,2569,WOCKPHARMA,EQ,253775,101593,40.03
20,2570,WOL3D,SM,2000,2000,100.00
20,2571,WOMANCART,ST,3600,3600,100.00
20,2572,WONDERLA,EQ,178791,91137,50.97
20,2573,WORTH,EQ,708303,166854,23.56
20,2574,WSI,EQ,81114,35644,43.94
20,2575,WSTCSTPAPR,EQ,67595,30736,45.47
20,2576,WTICAB,ST,3500,3500,100.00
20,2577,XCHANGING,EQ,86403,41536,48.07
20,2578,XELPMOC,EQ,19210,10611,55.24
20,2579,XPROINDIA,EQ,48375,21869,45.21
20,2580,XTGLOBAL,EQ,619373,181023,29.23
20,2581,YASHO,EQ,4091,2593,63.38
20,2582,YASHOPTICS,SM,12800,6400,50.00
20,2583,YATHARTH,EQ,332033,192794,58.06
20,2584,YATRA,EQ,192415,95459,49.61
20,2585,YCCL,SM,3000,3000,100.00
20,2586,YESBANK,EQ,51991164,12599771,24.23
20,2587,YUDIZ,SM,2400,2400,100.00
20,2588,YUKEN,EQ,5072,3186,62.82
20,2589,ZAGGLE,EQ,377214,221904,58.83
20,2590,ZEAL,SM,6000,4200,70.00
20,2591,ZEEL,EQ,9718803,2812805,28.94
20,2592,ZEELEARN,EQ,812817,599664,73.78
20,2593,ZEEMEDIA,EQ,1464959,802317,54.77
20,2594,ZENITHDRUG,ST,39200,34400,87.76
20,2595,ZENITHEXPO,EQ,176,99,56.25
20,2596,ZENITHSTL,EQ,74766,51799,69.28
20,2597,ZENSARTECH,EQ,229158,96647,42.17
20,2598,ZENTEC,EQ,240791,77270,32.09
20,2599,ZFCVINDIA,EQ,3073,1640,53.37
20,2600,ZIMLAB,EQ,47211,19010,40.27
20,2601,ZODIAC,EQ,12152,6251,51.44
20,2602,ZODIACLOTH,EQ,11565,3756,32.48
20,2603,ZOMATO,EQ,14417581,5668159,39.31
20,2604,ZOTA,EQ,34782,19852,57.08
20,2605,ZTECH,ST,300,300,100.00
20,2606,ZUARI,EQ,271107,100023,36.89
20,2607,ZUARIIND,EQ,44027,17987,40.85
20,2608,ZYDUSLIFE,EQ,436960,262876,60.16
20,2609,ZYDUSWELL,EQ,23139,3941,17.03
