Security Wise Delivery Position - Compulsory Rolling Settlement
10,MTO,02012024,2129454565,0002349
Trade Date <02-JAN-2024>,Settlement Type <N>
Record Type,Sr No,Name of Security,Quantity Traded,Deliverable Quantity(gross across client level),% of Deliverable Quantity to Traded Quantity
20,1,182D020524,TB,2300,2200,95.65
20,2,182D060624,TB,400,400,100.00
20,3,182D080224,TB,22500,22500,100.00
20,4,182D090524,TB,3700,3700,100.00
20,5,182D110124,TB,5000,5000,100.00
20,6,182D110424,TB,15000,15000,100.00
20,7,182D130624,TB,500,500,100.00
20,8,182D160524,TB,200,200,100.00
20,9,182D180124,TB,60000,60000,100.00
20,10,182D180424,TB,114000,114000,100.00
20,11,182D200624,TB,1100,1100,100.00
20,12,182D220224,TB,100,100,100.00
20,13,182D230524,TB,200,200,100.00
20,14,182D270624,TB,300,300,100.00
20,15,182D290324,TB,1300,700,53.85
20,16,182D300524,TB,500,500,100.00
20,17,20MICRONS,EQ,321759,153090,47.58
20,18,360ONE,EQ,348865,214297,61.43
20,19,364D020524,TB,1000,1000,100.00
20,20,364D050924,TB,100,100,100.00
20,21,364D080224,TB,500,500,100.00
20,22,364D121224,TB,600,600,100.00
20,23,364D141124,TB,400,400,100.00
20,24,364D191224,TB,100,100,100.00
20,25,364D211124,TB,100,100,100.00
20,26,364D220824,TB,100,100,100.00
20,27,364D290824,TB,1000,1000,100.00
20,28,3IINFOLTD,EQ,18216265,4824691,26.49
20,29,3MINDIA,EQ,9804,2010,20.50
20,30,3PLAND,EQ,10722,7911,73.78
20,31,574GS2026,GS,600,600,100.00
20,32,5PAISA,EQ,890547,142770,16.03
20,33,610GS2031,GS,500,500,100.00
20,34,622GS2035,GS,202,101,50.00
20,35,645GS2029,GS,17,17,100.00
20,36,654GS2032,GS,3276,3275,99.97
20,37,664GS2035,GS,3,3,100.00
20,38,667GS2035,GS,500851,500851,100.00
20,39,667GS2050,GS,4065,4065,100.00
20,40,669GS2024,GS,2501,2500,99.96
20,41,676GS2061,GS,626,526,84.03
20,42,679GS2027,GS,1000000,1000000,100.00
20,43,695GS2061,GS,1303,1303,100.00
20,44,699GS2026,GS,7500,7500,100.00
20,45,699GS2051,GS,130,130,100.00
20,46,706GS2028,GS,2503,2501,99.92
20,47,710GS2029,GS,38800,37166,95.79
20,48,717GS2030,GS,424,322,75.94
20,49,718GS2033,GS,2100,2100,100.00
20,50,718GS2037,GS,3123,3123,100.00
20,51,725GS2063,GS,108237,107837,99.63
20,52,726GS2032,GS,21975,21975,100.00
20,53,726GS2033,GS,1067,1067,100.00
20,54,727GS2026,GS,1,1,100.00
20,55,732GS2030,GS,2600,2600,100.00
20,56,733GS2026,GS,2247,2147,95.55
20,57,736GS2052,GS,6200,5300,85.48
20,58,737GS2028,GS,43042,43041,100.00
20,59,738GS2027,GS,220794,220794,100.00
20,60,73GS2053,GS,66113,63513,96.07
20,61,741GS2036,GS,43858,43858,100.00
20,62,746GS2073,GS,5730,5730,100.00
20,63,74GS2062,GS,304,234,76.97
20,64,753TS47,SG,3000,3000,100.00
20,65,754GS2036,GS,536444,514866,95.98
20,66,771JK48,SG,100,100,100.00
20,67,773RJ38,SG,100,100,100.00
20,68,813GS2045,GS,195,195,100.00
20,69,828GS2027,GS,590,590,100.00
20,70,828GS2032,GS,200,200,100.00
20,71,82GS2025,GS,6700,5000,74.63
20,72,83GS2040,GS,1000,1000,100.00
20,73,91D010224,TB,1000,1000,100.00
20,74,91D070324,TB,1000,1000,100.00
20,75,91D080224,TB,800,800,100.00
20,76,91D140324,TB,300,300,100.00
20,77,91D150224,TB,300,300,100.00
20,78,91D180124,TB,100,100,100.00
20,79,91D210324,TB,200,200,100.00
20,80,91D220224,TB,800,800,100.00
20,81,91D290224,TB,600,600,100.00
20,82,92GS2030,GS,18155,18155,100.00
20,83,AAATECH,EQ,407909,238346,58.43
20,84,AAREYDRUGS,EQ,778664,420106,53.95
20,85,AARON,EQ,7101,3756,52.89
20,86,AARTECH,EQ,57572,38984,67.71
20,87,AARTIDRUGS,EQ,801234,233271,29.11
20,88,AARTIIND,EQ,2079464,874777,42.07
20,89,AARTIPHARM,EQ,169489,71794,42.36
20,90,AARTIPP,E1,1450,1348,92.97
20,91,AARTISURF,EQ,84358,24964,29.59
20,92,AARVEEDEN,EQ,111024,59404,53.51
20,93,AARVI,EQ,33393,19380,58.04
20,94,AATMAJ,SM,74000,60000,81.08
20,95,AAVAS,EQ,397197,293446,73.88
20,96,ABB,EQ,178550,81546,45.67
20,97,ABBOTINDIA,EQ,55844,34382,61.57
20,98,ABCAPITAL,EQ,12968451,5342869,41.20
20,99,ABCOTS,SM,14000,14000,100.00
20,100,ABFL,N0,20,20,100.00
20,101,ABFL,N2,1,1,100.00
20,102,ABFL,N4,705,705,100.00
20,103,ABFL,N5,150,150,100.00
20,104,ABFRL,EQ,27564558,7546780,27.38
20,105,ABSLAMC,EQ,71316,36567,51.27
20,106,ABSLBANETF,EQ,216970,161271,74.33
20,107,ABSLLIQUID,EQ,2123,2120,99.86
20,108,ABSLNN50ET,EQ,6158,4621,75.04
20,109,ACC,EQ,534118,169028,31.65
20,110,ACCELYA,EQ,37188,20115,54.09
20,111,ACCENTMIC,SM,216000,153000,70.83
20,112,ACE,EQ,595007,266763,44.83
20,113,ACEINTEG,EQ,54007,28735,53.21
20,114,ACI,EQ,425081,206898,48.67
20,115,ACL,EQ,45111,32721,72.53
20,116,ACLGATI,EQ,1369875,539411,39.38
20,117,ACSAL,SM,48000,39000,81.25
20,118,ADANIENSOL,EQ,2716805,1447429,53.28
20,119,ADANIENT,EQ,2671368,586095,21.94
20,120,ADANIGREEN,EQ,1031651,424969,41.19
20,121,ADANIPORTS,EQ,6344621,1623708,25.59
20,122,ADFFOODS,EQ,106725,52198,48.91
20,123,ADORWELD,EQ,14206,6215,43.75
20,124,ADSL,EQ,372044,162268,43.62
20,125,ADVANIHOTR,EQ,413560,160722,38.86
20,126,ADVENZYMES,EQ,281351,85370,30.34
20,127,AEGISCHEM,EQ,340934,187936,55.12
20,128,AEROFLEX,EQ,717026,407470,56.83
20,129,AETHER,EQ,99105,47613,48.04
20,130,AFFLE,EQ,377951,176204,46.62
20,131,AGARIND,EQ,49473,19821,40.06
20,132,AGARWALFT,SM,3000,3000,100.00
20,133,AGI,EQ,245954,103115,41.92
20,134,AGNI,SM,60000,55000,91.67
20,135,AGRITECH,EQ,20236,12744,62.98
20,136,AGROPHOS,EQ,803315,423105,52.67
20,137,AGSTRA,EQ,877199,383243,43.69
20,138,AGUL,ST,10000,8000,80.00
20,139,AHL,EQ,95062,42918,45.15
20,140,AHLADA,EQ,909349,338908,37.27
20,141,AHLEAST,EQ,12017,7697,64.05
20,142,AHLUCONT,EQ,33748,18864,55.90
20,143,AIAENG,EQ,24277,10731,44.20
20,144,AILIMITED,SM,6000,6000,100.00
20,145,AIRAN,EQ,2638581,1374739,52.10
20,146,AIROLAM,EQ,16237,11313,69.67
20,147,AIRTELPP,E1,457973,421595,92.06
20,148,AISL,SM,3600,3600,100.00
20,149,AJANTPHARM,EQ,127933,58232,45.52
20,150,AJMERA,EQ,73895,28701,38.84
20,151,AKASH,EQ,3642513,895633,24.59
20,152,AKG,EQ,317616,219459,69.10
20,153,AKSHAR,EQ,4104967,4104947,100.00
20,154,AKSHARCHEM,EQ,44875,22296,49.68
20,155,AKSHOPTFBR,EQ,1519087,939393,61.84
20,156,AKZOINDIA,EQ,15791,10758,68.13
20,157,ALBERTDAVD,EQ,15269,7275,47.65
20,158,ALEMBICLTD,EQ,3039499,1062460,34.96
20,159,ALICON,EQ,15154,8796,58.04
20,160,ALKALI,EQ,24250,17153,70.73
20,161,ALKEM,EQ,101061,43925,43.46
20,162,ALKYLAMINE,EQ,274792,81791,29.76
20,163,ALLCARGO,EQ,25954115,5919453,22.81
20,164,ALLETEC,SM,121600,83200,68.42
20,165,ALLSEC,EQ,11521,7255,62.97
20,166,ALMONDZ,EQ,68005,50082,73.64
20,167,ALOKINDS,EQ,93697408,34495861,36.82
20,168,ALPA,EQ,823478,422652,51.33
20,169,ALPHAETF,EQ,84922,68483,80.64
20,170,ALPHAGEO,EQ,44230,28267,63.91
20,171,ALPL30IETF,EQ,57706,28119,48.73
20,172,ALPSINDUS,EQ,132191,118076,89.32
20,173,AMBANIORG,SM,4000,2000,50.00
20,174,AMBER,EQ,35576,14984,42.12
20,175,AMBICAAGAR,EQ,13518,9058,67.01
20,176,AMBIKCO,EQ,8549,4438,51.91
20,177,AMBUJACEM,EQ,2655551,752682,28.34
20,178,AMEYA,SM,36000,34000,94.44
20,179,AMIORG,EQ,196987,91924,46.67
20,180,AMJLAND,EQ,126263,69571,55.10
20,181,AMNPLST,EQ,23008,13625,59.22
20,182,AMRUTANJAN,EQ,148775,65430,43.98
20,183,ANANDRATHI,EQ,65002,35712,54.94
20,184,ANANTRAJ,EQ,2179168,1054992,48.41
20,185,ANDHRAPAP,EQ,283454,156901,55.35
20,186,ANDHRSUGAR,EQ,326958,178144,54.49
20,187,ANGELONE,EQ,286624,102189,35.65
20,188,ANLON,SM,2400,1600,66.67
20,189,ANMOL,EQ,904495,412188,45.57
20,190,ANNAPURNA,SM,83500,60000,71.86
20,191,ANUP,EQ,13998,9084,64.89
20,192,ANURAS,EQ,415086,186914,45.03
20,193,APARINDS,EQ,89835,28688,31.93
20,194,APCL,EQ,15371,10228,66.54
20,195,APCOTEXIND,EQ,38130,21522,56.44
20,196,APEX,EQ,86273,37598,43.58
20,197,APLAPOLLO,EQ,1576938,901050,57.14
20,198,APLLTD,EQ,2305676,323745,14.04
20,199,APOLLOHOSP,EQ,166449,51574,30.98
20,200,APOLLOPIPE,EQ,30131,15640,51.91
20,201,APOLLOTYRE,EQ,2359662,1180090,50.01
20,202,APOLSINHOT,EQ,2373,1783,75.14
20,203,APTECHT,EQ,1146619,442091,38.56
20,204,APTUS,EQ,455560,260685,57.22
20,205,ARABIAN,SM,10000,8000,80.00
20,206,ARCHIES,EQ,121069,88636,73.21
20,207,ARE&M,EQ,579382,264960,45.73
20,208,ARENTERP,EQ,16114,13236,82.14
20,209,ARHAM,SM,18000,14000,77.78
20,210,ARIES,EQ,459707,180369,39.24
20,211,ARIHANTACA,SM,9600,9600,100.00
20,212,ARIHANTCAP,EQ,266918,147491,55.26
20,213,ARIHANTSUP,EQ,652087,202421,31.04
20,214,ARISTO,SM,19200,14400,75.00
20,215,ARMANFIN,EQ,54261,22646,41.74
20,216,ARROWGREEN,EQ,88784,44625,50.26
20,217,ARTEMISMED,EQ,281474,138052,49.05
20,218,ARTNIRMAN,EQ,7339,4048,55.16
20,219,ARVIND,EQ,489850,252938,51.64
20,220,ARVINDFASN,EQ,433185,147913,34.15
20,221,ARVSMART,EQ,342180,128834,37.65
20,222,ASAHIINDIA,EQ,743574,602873,81.08
20,223,ASAHISONG,EQ,26416,20093,76.06
20,224,ASAL,EQ,29513,15004,50.84
20,225,ASALCBR,EQ,126365,64122,50.74
20,226,ASHIANA,EQ,218673,81391,37.22
20,227,ASHIMASYN,EQ,226322,155590,68.75
20,228,ASHOKA,EQ,1380968,585066,42.37
20,229,ASHOKAMET,EQ,355069,183427,51.66
20,230,ASHOKLEY,EQ,34044615,13694340,40.22
20,231,ASIANENE,EQ,88922,50294,56.56
20,232,ASIANPAINT,EQ,552394,285006,51.59
20,233,ASIANTILES,EQ,774103,346066,44.71
20,234,ASKAUTOLTD,EQ,315195,185572,58.88
20,235,ASPINWALL,EQ,11664,2552,21.88
20,236,ASTEC,EQ,45134,20655,45.76
20,237,ASTERDM,EQ,972360,853708,87.80
20,238,ASTRAL,EQ,279468,148956,53.30
20,239,ASTRAMICRO,EQ,303739,154115,50.74
20,240,ASTRAZEN,EQ,30876,5103,16.53
20,241,ASTRON,EQ,196037,121067,61.76
20,242,ATAM,EQ,33761,20304,60.14
20,243,ATFL,EQ,7420,4803,64.73
20,244,ATGL,EQ,2907798,1402752,48.24
20,245,ATL,EQ,2129159,809623,38.03
20,246,ATUL,EQ,27505,9140,33.23
20,247,ATULAUTO,EQ,163266,51769,31.71
20,248,AUBANK,EQ,2202630,1130624,51.33
20,249,AURDIS,SM,4000,4000,100.00
20,250,AUROIMPEX,SM,30400,27200,89.47
20,251,AUROPHARMA,EQ,3350206,981018,29.28
20,252,AURUM,EQ,55384,35464,64.03
20,253,AURUMPP,E1,3408,3310,97.12
20,254,AUTOAXLES,EQ,23656,11830,50.01
20,255,AUTOBEES,EQ,210127,180148,85.73
20,256,AUTOIETF,EQ,29550,24968,84.49
20,257,AUTOIND,EQ,124586,77283,62.03
20,258,AVADHSUGAR,EQ,38603,16517,42.79
20,259,AVALON,EQ,310990,179244,57.64
20,260,AVANTIFEED,EQ,358313,152330,42.51
20,261,AVG,EQ,80787,47519,58.82
20,262,AVONMORE,EQ,57145,33486,58.60
20,263,AVROIND,EQ,67172,51929,77.31
20,264,AVTNPL,EQ,1095406,530975,48.47
20,265,AWHCL,EQ,202527,74546,36.81
20,266,AWL,EQ,1767457,655042,37.06
20,267,AXISBANK,EQ,7895577,4495327,56.93
20,268,AXISBNKETF,EQ,1328,1098,82.68
20,269,AXISBPSETF,EQ,57181,38114,66.66
20,270,AXISCADES,EQ,107466,65800,61.23
20,271,AXISCETF,EQ,2819,1824,64.70
20,272,AXISGOLD,EQ,74261,52391,70.55
20,273,AXISHCETF,EQ,22813,14832,65.02
20,274,AXISILVER,EQ,13715,9780,71.31
20,275,AXISNIFTY,EQ,3106,1669,53.73
20,276,AXISTECETF,EQ,3320,2555,76.96
20,277,AXITA,EQ,2472783,1014421,41.02
20,278,AXSENSEX,EQ,4705,3865,82.15
20,279,AYMSYNTEX,EQ,31671,23805,75.16
20,280,AZAD,EQ,787783,314584,39.93
20,281,BABAFP,SM,49600,40000,80.65
20,282,BAGFILMS,EQ,8256397,4087174,49.50
20,283,BAHETI,SM,6750,4500,66.67
20,284,BAJAJ-AUTO,EQ,361379,169501,46.90
20,285,BAJAJCON,EQ,525860,229292,43.60
20,286,BAJAJELEC,EQ,23994,11620,48.43
20,287,BAJAJFINSV,EQ,1099965,443175,40.29
20,288,BAJAJHCARE,EQ,82679,40087,48.49
20,289,BAJAJHIND,EQ,5486660,2938401,53.56
20,290,BAJAJHLDNG,EQ,30786,12525,40.68
20,291,BAJFINANCE,EQ,1112990,523094,47.00
20,292,BALAJITELE,EQ,1604514,603048,37.58
20,293,BALAMINES,EQ,236949,81196,34.27
20,294,BALAXI,EQ,4862,2855,58.72
20,295,BALKRISHNA,EQ,24656,16608,67.36
20,296,BALKRISIND,EQ,307356,218922,71.23
20,297,BALMLAWRIE,EQ,1064098,348115,32.71
20,298,BALPHARMA,EQ,83056,43496,52.37
20,299,BALRAMCHIN,EQ,2716627,1151229,42.38
20,300,BANARBEADS,EQ,5108,3682,72.08
20,301,BANARISUG,EQ,1331,944,70.92
20,302,BANCOINDIA,EQ,94987,50870,53.55
20,303,BANDHANBNK,EQ,8517423,3086670,36.24
20,304,BANKA,EQ,405163,202411,49.96
20,305,BANKBARODA,EQ,12803886,4480486,34.99
20,306,BANKBEES,EQ,1013076,596537,58.88
20,307,BANKETF,EQ,1444,1116,77.29
20,308,BANKIETF,EQ,138368,84415,61.01
20,309,BANKINDIA,EQ,23191028,9384978,40.47
20,310,BANSWRAS,EQ,163679,92591,56.57
20,311,BARBEQUE,EQ,51327,27703,53.97
20,312,BASF,EQ,13400,7862,58.67
20,313,BASILIC,SM,626400,421200,67.24
20,314,BASML,EQ,211598,139102,65.74
20,315,BATAINDIA,EQ,537992,298306,55.45
20,316,BAYERCROP,EQ,22552,12353,54.78
20,317,BBETF0432,EQ,560,442,78.93
20,318,BBL,EQ,28326,9460,33.40
20,319,BBNPPGOLD,EQ,315474,315242,99.93
20,320,BBTC,EQ,291892,62514,21.42
20,321,BBTCL,EQ,6746,3457,51.25
20,322,BCG,EQ,11185093,4044844,36.16
20,323,BCLIND,EQ,849337,374064,44.04
20,324,BDL,EQ,869786,352627,40.54
20,325,BECTORFOOD,EQ,480413,230125,47.90
20,326,BEDMUTHA,EQ,315334,175367,55.61
20,327,BEL,EQ,22790965,12230753,53.66
20,328,BEML,EQ,235182,65445,27.83
20,329,BEPL,EQ,11723520,4170629,35.57
20,330,BERGEPAINT,EQ,613442,241862,39.43
20,331,BETA,SM,5700,4200,73.68
20,332,BEWLTD,SM,875,625,71.43
20,333,BFINVEST,EQ,39823,14084,35.37
20,334,BFSI,EQ,348732,328539,94.21
20,335,BFUTILITIE,EQ,149142,68126,45.68
20,336,BGRENERGY,EQ,866226,258943,29.89
20,337,BHAGCHEM,EQ,2464,1475,59.86
20,338,BHAGERIA,EQ,27546,14109,51.22
20,339,BHAGYANGR,EQ,245660,121422,49.43
20,340,BHARATFORG,EQ,703395,357931,50.89
20,341,BHARATGEAR,EQ,183051,90603,49.50
20,342,BHARATRAS,EQ,663,443,66.82
20,343,BHARATWIRE,EQ,304266,176130,57.89
20,344,BHARTIARTL,EQ,6865791,5237800,76.29
20,345,BHEL,EQ,72765808,16676201,22.92
20,346,BIGBLOC,EQ,111747,49700,44.48
20,347,BIKAJI,EQ,156524,67783,43.31
20,348,BIOCON,EQ,17494142,6539483,37.38
20,349,BIOFILCHEM,EQ,738095,211460,28.65
20,350,BIRET,RR,130752,93508,71.52
20,351,BIRLACABLE,EQ,81187,44076,54.29
20,352,BIRLACORPN,EQ,98522,48261,48.98
20,353,BIRLAMONEY,EQ,1358545,453309,33.37
20,354,BLAL,EQ,750891,314511,41.89
20,355,BLBLIMITED,EQ,372336,256084,68.78
20,356,BLISSGVS,EQ,1456716,603299,41.42
20,357,BLKASHYAP,EQ,4934260,1998433,40.50
20,358,BLS,EQ,2217555,818428,36.91
20,359,BLUEDART,EQ,3977,1750,44.00
20,360,BLUEJET,EQ,698090,322126,46.14
20,361,BLUESTARCO,EQ,125731,81079,64.49
20,362,BMETRICS,SM,13600,10400,76.47
20,363,BODALCHEM,EQ,1188598,532231,44.78
20,364,BOMDYEING,EQ,919955,404128,43.93
20,365,BOROLTD,EQ,77560,40416,52.11
20,366,BORORENEW,EQ,257584,128011,49.70
20,367,BOSCHLTD,EQ,10969,3754,34.22
20,368,BPCL,EQ,4729409,1896255,40.09
20,369,BRIGADE,EQ,229127,113462,49.52
20,370,BRIGHT,ST,255000,213000,83.53
20,371,BRITANNIA,EQ,193517,95574,49.39
20,372,BRITANNIA,N3,5464,3863,70.70
20,373,BRNL,EQ,233529,140469,60.15
20,374,BROOKS,EQ,88377,52630,59.55
20,375,BSE,EQ,934165,331029,35.44
20,376,BSE500IETF,EQ,156155,85386,54.68
20,377,BSHSL,EQ,28454,24185,85.00
20,378,BSL,EQ,7382,4438,60.12
20,379,BSLGOLDETF,EQ,23844,14873,62.38
20,380,BSLNIFTY,EQ,339247,311513,91.82
20,381,BSLSENETFG,EQ,787,732,93.01
20,382,BSOFT,EQ,2436418,689589,28.30
20,383,BTML,EQ,162285,91839,56.59
20,384,BUTTERFLY,EQ,15757,11905,75.55
20,385,CADSYS,SM,8000,7000,87.50
20,386,CAMLINFINE,EQ,935163,486654,52.04
20,387,CAMPUS,EQ,3404098,1447390,42.52
20,388,CAMS,EQ,143141,57039,39.85
20,389,CANARYS,SM,92000,84000,91.30
20,390,CANBK,EQ,6633634,1653269,24.92
20,391,CANFINHOME,EQ,404115,170147,42.10
20,392,CANTABIL,EQ,156137,78508,50.28
20,393,CAPACITE,EQ,833283,353070,42.37
20,394,CAPLIPOINT,EQ,213457,56847,26.63
20,395,CAPTRUST,EQ,160570,71258,44.38
20,396,CARBORUNIV,EQ,62433,40882,65.48
20,397,CAREERP,EQ,65126,44615,68.51
20,398,CARERATING,EQ,60472,27114,44.84
20,399,CARTRADE,EQ,60800,20755,34.14
20,400,CARYSIL,EQ,77438,32811,42.37
20,401,CASTROLIND,EQ,13613043,4982371,36.60
20,402,CBAZAAR,SM,56000,48000,85.71
20,403,CCHHL,EQ,381479,207540,54.40
20,404,CCL,EQ,163082,100161,61.42
20,405,CDSL,EQ,556956,175627,31.53
20,406,CEATLTD,EQ,132338,45063,34.05
20,407,CELLECOR,SM,162000,130800,80.74
20,408,CELLO,EQ,586064,416497,71.07
20,409,CELLPOINT,SM,30000,19200,64.00
20,410,CENTENKA,EQ,84015,49017,58.34
20,411,CENTEXT,EQ,440783,277956,63.06
20,412,CENTRALBK,EQ,33188408,7755971,23.37
20,413,CENTRUM,EQ,690226,281977,40.85
20,414,CENTUM,EQ,12323,6251,50.73
20,415,CENTURYPLY,EQ,276030,106353,38.53
20,416,CENTURYTEX,EQ,110510,41210,37.29
20,417,CERA,EQ,33309,19231,57.74
20,418,CESC,EQ,8945971,3516219,39.31
20,419,CGCL,EQ,49002,32927,67.20
20,420,CGPOWER,EQ,1456207,898212,61.68
20,421,CHALET,EQ,260946,153553,58.84
20,422,CHAMBLFERT,EQ,2746779,908474,33.07
20,423,CHAVDA,SM,72000,46000,63.89
20,424,CHEMBOND,EQ,44710,22841,51.09
20,425,CHEMCON,EQ,154389,68789,44.56
20,426,CHEMFAB,EQ,16693,8741,52.36
20,427,CHEMPLASTS,EQ,150082,54546,36.34
20,428,CHENNPETRO,EQ,972406,229756,23.63
20,429,CHEVIOT,EQ,16296,5363,32.91
20,430,CHOICEIN,EQ,428519,64272,15.00
20,431,CHOLAFIN,EQ,2240606,1316874,58.77
20,432,CHOLAFIN,N0,402,352,87.56
20,433,CHOLAFIN,NB,330,330,100.00
20,434,CHOLAFIN,NC,60,60,100.00
20,435,CHOLAFIN,ND,25,25,100.00
20,436,CHOLAFIN,NE,25,25,100.00
20,437,CHOLAFIN,NG,10,10,100.00
20,438,CHOLAHLDNG,EQ,137045,70624,51.53
20,439,CIEINDIA,EQ,1424262,785006,55.12
20,440,CIGNITITEC,EQ,350493,171115,48.82
20,441,CIPLA,EQ,2589484,1218527,47.06
20,442,CLEAN,EQ,322107,134552,41.77
20,443,CLEDUCATE,EQ,1066549,398837,37.40
20,444,CLOUD,SM,845000,501000,59.29
20,445,CLSEL,EQ,183625,71253,38.80
20,446,CLSL,SM,58000,42000,72.41
20,447,CMNL,SM,42000,30000,71.43
20,448,CMRSL,SM,7200,5600,77.78
20,449,CMSINFO,EQ,283538,162800,57.42
20,450,COALINDIA,EQ,28363847,10161529,35.83
20,451,COASTCORP,EQ,57783,27551,47.68
20,452,COCHINSHIP,EQ,1384734,361897,26.13
20,453,COFFEEDAY,EQ,5830018,2058142,35.30
20,454,COFORGE,EQ,315763,142142,45.02
20,455,COLPAL,EQ,244582,109638,44.83
20,456,COMMITTED,SM,44800,38400,85.71
20,457,COMMOIETF,EQ,114430,30691,26.82
20,458,CONCOR,EQ,1362479,653822,47.99
20,459,CONCORDBIO,EQ,125477,40597,32.35
20,460,CONFIPET,EQ,2088189,1035067,49.57
20,461,CONSOFINVT,EQ,63233,43941,69.49
20,462,CONSUMBEES,EQ,36954,30175,81.66
20,463,CONSUMIETF,EQ,68570,5091,7.42
20,464,CONTROLPR,EQ,30198,15003,49.68
20,465,COOLCAPS,SM,1000,1000,100.00
20,466,CORALFINAC,EQ,159540,92533,58.00
20,467,CORDSCABLE,EQ,158778,73917,46.55
20,468,COROMANDEL,EQ,276631,132601,47.93
20,469,COSMOFIRST,EQ,53457,29006,54.26
20,470,CPS,SM,3000,3000,100.00
20,471,CPSEETF,EQ,3027104,1761768,58.20
20,472,CRAFTSMAN,EQ,20890,12927,61.88
20,473,CRAYONS,SM,59000,33000,55.93
20,474,CREATIVE,EQ,58797,22429,38.15
20,475,CREATIVEYE,EQ,5260,5260,100.00
20,476,CREDITACC,EQ,217805,143543,65.90
20,477,CREDITACC,N1,58,58,100.00
20,478,CREDITACC,N3,50,50,100.00
20,479,CREDITACC,N5,233,233,100.00
20,480,CREDITACC,N9,24,17,70.83
20,481,CREDITACC,ND,57,57,100.00
20,482,CREST,EQ,18090,8605,47.57
20,483,CRISIL,EQ,15342,7868,51.28
20,484,CROMPTON,EQ,2295282,1143665,49.83
20,485,CSBBANK,EQ,252364,170935,67.73
20,486,CSLFINANCE,EQ,41710,19340,46.37
20,487,CTE,EQ,45013,27137,60.29
20,488,CUB,EQ,3160012,1227813,38.85
20,489,CUMMINSIND,EQ,383818,210013,54.72
20,490,CYBERMEDIA,EQ,90720,56833,62.65
20,491,CYBERTECH,EQ,292599,79203,27.07
20,492,CYIENT,EQ,172597,80688,46.75
20,493,CYIENTDLM,EQ,202767,79307,39.11
20,494,DABUR,EQ,1201767,650183,54.10
20,495,DALBHARAT,EQ,297631,116035,38.99
20,496,DALMIASUG,EQ,94903,43169,45.49
20,497,DAMODARIND,EQ,64760,46360,71.59
20,498,DATAMATICS,EQ,85876,36335,42.31
20,499,DATAPATTNS,EQ,363749,125346,34.46
20,500,DBCORP,EQ,137334,85296,62.11
20,501,DBL,EQ,446553,179726,40.25
20,502,DBOL,EQ,177487,87144,49.10
20,503,DBREALTY,EQ,1245544,711901,57.16
20,504,DCAL,EQ,5247816,1480561,28.21
20,505,DCBBANK,EQ,12819868,5686960,44.36
20,506,DCM,EQ,55939,42392,75.78
20,507,DCMNVL,EQ,30468,20572,67.52
20,508,DCMSHRIRAM,EQ,155526,109733,70.56
20,509,DCMSRIND,EQ,199784,89610,44.85
20,510,DCW,EQ,11692876,3113129,26.62
20,511,DCXINDIA,EQ,254783,105508,41.41
20,512,DECCANCE,EQ,16869,9763,57.88
20,513,DEEPAKFERT,EQ,1149524,379871,33.05
20,514,DEEPAKNTR,EQ,361687,70163,19.40
20,515,DEEPENR,EQ,39013,23759,60.90
20,516,DEEPINDS,EQ,74408,26403,35.48
20,517,DELHIVERY,EQ,1000156,605534,60.54
20,518,DELPHIFX,EQ,42551,22946,53.93
20,519,DELTACORP,EQ,23124544,6358236,27.50
20,520,DELTAMAGNT,EQ,664635,150273,22.61
20,521,DEN,EQ,3911029,1137996,29.10
20,522,DENEERS,SM,2400,2400,100.00
20,523,DENORA,EQ,19278,8951,46.43
20,524,DENTALKART,SM,4250,3250,76.47
20,525,DEVYANI,EQ,933725,412832,44.21
20,526,DGCONTENT,EQ,20226,19067,94.27
20,527,DHAMPURSUG,EQ,774898,326057,42.08
20,528,DHANBANK,EQ,9346729,3306858,35.38
20,529,DHANI,EQ,1990489,1109815,55.76
20,530,DHANILOANS,N6,50,50,100.00
20,531,DHANILOANS,N7,293,293,100.00
20,532,DHANILOANS,N8,133,133,100.00
20,533,DHANILOANS,NF,2,2,100.00
20,534,DHANILOANS,NH,12,12,100.00
20,535,DHANILOANS,NO,301,301,100.00
20,536,DHANILOANS,NV,9,9,100.00
20,537,DHANILOANS,NX,310,310,100.00
20,538,DHANILOANS,Y2,200,200,100.00
20,539,DHANILOANS,Y5,140,140,100.00
20,540,DHANUKA,EQ,64759,35853,55.36
20,541,DHARMAJ,EQ,210033,99834,47.53
20,542,DHRUV,EQ,52394,34491,65.83
20,543,DHUNINV,EQ,5620,2844,50.60
20,544,DIAMINESQ,EQ,10926,6407,58.64
20,545,DIAMONDYD,EQ,87535,41038,46.88
20,546,DICIND,EQ,2708,1714,63.29
20,547,DIGIKORE,SM,62400,59200,94.87
20,548,DIGISPICE,EQ,100515,61409,61.09
20,549,DIL,EQ,1656002,1186751,71.66
20,550,DISHTV,EQ,48394222,18831955,38.91
20,551,DIVGIITTS,EQ,18826,10096,53.63
20,552,DIVISLAB,EQ,1386959,321671,23.19
20,553,DIVOPPBEES,EQ,55663,42060,75.56
20,554,DIXON,EQ,604541,220174,36.42
20,555,DJML,EQ,8547,5369,62.82
20,556,DKEGL,SM,6000,4500,75.00
20,557,DLF,EQ,2394602,748453,31.26
20,558,DLINKINDIA,EQ,96122,37134,38.63
20,559,DMART,EQ,843252,690879,81.93
20,560,DMCC,EQ,58686,27084,46.15
20,561,DODLA,EQ,71704,23312,32.51
20,562,DOLATALGO,EQ,292260,163867,56.07
20,563,DOLLAR,EQ,235805,103173,43.75
20,564,DOLLEX,SM,100000,88000,88.00
20,565,DOMS,EQ,211794,102260,48.28
20,566,DONEAR,EQ,219348,101878,46.45
20,567,DPABHUSHAN,EQ,48067,26702,55.55
20,568,DPSCLTD,EQ,2278867,1343092,58.94
20,569,DPWIRES,EQ,65799,37892,57.59
20,570,DREAMFOLKS,EQ,266613,100436,37.67
20,571,DREDGECORP,EQ,544482,148425,27.26
20,572,DRL,ST,33000,33000,100.00
20,573,DRONE,SM,35000,22000,62.86
20,574,DRREDDY,EQ,573856,240070,41.83
20,575,DSPBANKETF,EQ,25470,22271,87.44
20,576,DSPGOLDETF,EQ,8982,7095,78.99
20,577,DSPITETF,EQ,23674,10390,43.89
20,578,DSPN50ETF,EQ,1307,1126,86.15
20,579,DSPNEWETF,EQ,61670,41592,67.44
20,580,DSPPSBKETF,EQ,11370,5329,46.87
20,581,DSPPVBKETF,EQ,160235,143538,89.58
20,582,DSPQ50ETF,EQ,2724,1100,40.38
20,583,DSPSENXETF,EQ,563,353,62.70
20,584,DSPSILVETF,EQ,7648,3582,46.84
20,585,DSSL,EQ,58199,31530,54.18
20,586,DTIL,EQ,5185,3647,70.34
20,587,DUCOL,SM,5600,5600,100.00
20,588,DUGLOBAL,SM,42500,40000,94.12
20,589,DVL,EQ,99781,39540,39.63
20,590,DWARKESH,EQ,825291,412795,50.02
20,591,DYCL,EQ,97775,65667,67.16
20,592,DYNAMATECH,EQ,11075,5039,45.50
20,593,DYNAMIC,SM,30000,23000,76.67
20,594,DYNPRO,EQ,19287,9402,48.75
20,595,EASEMYTRIP,EQ,20404935,8115686,39.77
20,596,EBBETF0425,EQ,9506,8930,93.94
20,597,EBBETF0430,EQ,6860,6323,92.17
20,598,EBBETF0431,EQ,13303,13109,98.54
20,599,EBBETF0433,EQ,3029,1904,62.86
20,600,ECLERX,EQ,113297,55710,49.17
20,601,ECLFINANCE,NJ,2974,2974,100.00
20,602,ECLFINANCE,NK,795,786,98.87
20,603,ECLFINANCE,NR,1610,1546,96.02
20,604,ECLFINANCE,NS,381,381,100.00
20,605,EDELWEISS,EQ,3671102,1344945,36.64
20,606,EFACTOR,SM,19200,19200,100.00
20,607,EFORCE,ST,1274400,1222800,95.95
20,608,EGOLD,EQ,789,786,99.62
20,609,EICHERMOT,EQ,1221148,500675,41.00
20,610,EIDPARRY,EQ,411064,256859,62.49
20,611,EIFFL,EQ,45386,31088,68.50
20,612,EIHAHOTELS,EQ,106542,36580,34.33
20,613,EIHOTEL,EQ,6862998,2210820,32.21
20,614,EKC,EQ,676441,289416,42.79
20,615,ELDEHSG,EQ,2949,2112,71.62
20,616,ELECON,EQ,248544,106720,42.94
20,617,ELECTCAST,EQ,1502883,856312,56.98
20,618,ELGIEQUIP,EQ,143968,63952,44.42
20,619,ELIN,EQ,186857,85937,45.99
20,620,EMAMILTD,EQ,997994,459983,46.09
20,621,EMAMIPAP,EQ,108318,73829,68.16
20,622,EMBASSY,RR,1329680,1222852,91.97
20,623,EMIL,EQ,231665,119353,51.52
20,624,EMKAYTOOLS,SM,900,900,100.00
20,625,EMMBI,EQ,41865,23227,55.48
20,626,EMSLIMITED,EQ,371716,192048,51.67
20,627,EMUDHRA,EQ,108112,56775,52.51
20,628,ENDURANCE,EQ,57595,21030,36.51
20,629,ENGINERSIN,EQ,56855386,12187322,21.44
20,630,ENIL,EQ,82898,37416,45.13
20,631,EPIGRAL,EQ,475535,157643,33.15
20,632,EPL,EQ,571739,296779,51.91
20,633,EQUITASBNK,EQ,10205184,5021416,49.20
20,634,ERFLNCDI,N5,188,188,100.00
20,635,ERFLNCDI,N6,20,20,100.00
20,636,ERIS,EQ,256552,134026,52.24
20,637,EROSMEDIA,EQ,709212,404604,57.05
20,638,ESABINDIA,EQ,2194,1135,51.73
20,639,ESAFSFB,EQ,1639119,846319,51.63
20,640,ESCORTS,EQ,378020,156574,41.42
20,641,ESFL,SM,67200,40800,60.71
20,642,ESG,EQ,114383,103101,90.14
20,643,ESILVER,EQ,31084,29557,95.09
20,644,ESSARSHPNG,EQ,694822,403542,58.08
20,645,ESSENTIA,EQ,45699500,26976361,59.03
20,646,ESTER,EQ,455472,236928,52.02
20,647,ETHOSLTD,EQ,44281,19866,44.86
20,648,EUROBOND,SM,8000,6000,75.00
20,649,EUROTEXIND,EQ,7801,4465,57.24
20,650,EVEREADY,EQ,164187,80673,49.13
20,651,EVERESTIND,EQ,15429,7481,48.49
20,652,EXCELINDUS,EQ,32908,15749,47.86
20,653,EXIDEIND,EQ,3175785,941320,29.64
20,654,EXPLEOSOL,EQ,23214,13093,56.40
20,655,EXXARO,EQ,60992,33775,55.38
20,656,FACT,EQ,1829334,362399,19.81
20,657,FAIRCHEMOR,EQ,185438,91034,49.09
20,658,FAZE3Q,EQ,90717,23656,26.08
20,659,FCL,EQ,485711,128436,26.44
20,660,FCSSOFT,EQ,15351551,6823625,44.45
20,661,FDC,EQ,183845,77484,42.15
20,662,FEDERALBNK,EQ,13182359,7443412,56.46
20,663,FEDFINA,EQ,842877,398788,47.31
20,664,FELIX,SM,244000,106000,43.44
20,665,FIBERWEB,EQ,155646,95452,61.33
20,666,FIDEL,SM,4000,4000,100.00
20,667,FIEMIND,EQ,81042,34457,42.52
20,668,FILATEX,EQ,3223798,2683613,83.24
20,669,FINCABLES,EQ,198769,129984,65.39
20,670,FINEORG,EQ,37502,13827,36.87
20,671,FINIETF,EQ,325061,99537,30.62
20,672,FINOPB,EQ,216754,96099,44.34
20,673,FINPIPE,EQ,420254,182687,43.47
20,674,FIVESTAR,EQ,268560,166184,61.88
20,675,FLAIR,EQ,599164,495143,82.64
20,676,FLEXITUFF,EQ,32752,22739,69.43
20,677,FLUOROCHEM,EQ,239730,87238,36.39
20,678,FMCGIETF,EQ,17900,10840,60.56
20,679,FMGOETZE,EQ,85369,40001,46.86
20,680,FMNL,EQ,85698,64780,75.59
20,681,FOCE,SM,1000,1000,100.00
20,682,FOCUS,EQ,103837,43037,41.45
20,683,FOODSIN,EQ,268856,123302,45.86
20,684,FORTIS,EQ,1296066,668026,51.54
20,685,FOSECOIND,EQ,1711,925,54.06
20,686,FROG,SM,53600,42800,79.85
20,687,FSL,EQ,1626019,889240,54.69
20,688,FUSION,EQ,257250,121039,47.05
20,689,GABRIEL,EQ,138405,69891,50.50
20,690,GAEL,EQ,353577,118979,33.65
20,691,GAIL,EQ,40801901,11468682,28.11
20,692,GALAXYSURF,EQ,9629,4193,43.55
20,693,GALLANTT,EQ,510210,250057,49.01
20,694,GANDHAR,EQ,795520,442502,55.62
20,695,GANDHITUBE,EQ,6328,3819,60.35
20,696,GANECOS,EQ,35110,15043,42.85
20,697,GANESHBE,EQ,199564,114465,57.36
20,698,GANESHHOUC,EQ,73874,29830,40.38
20,699,GANGESSECU,EQ,4875,4034,82.75
20,700,GARFIBRES,EQ,12261,7422,60.53
20,701,GATECHDVR,EQ,704066,476246,67.64
20,702,GATEWAY,EQ,751074,385563,51.33
20,703,GEECEE,EQ,37211,19180,51.54
20,704,GENESYS,EQ,124036,50730,40.90
20,705,GENUSPAPER,EQ,486307,206984,42.56
20,706,GENUSPOWER,EQ,755541,440694,58.33
20,707,GEOJITFSL,EQ,879287,306281,34.83
20,708,GEPIL,EQ,627408,152548,24.31
20,709,GESHIP,EQ,406642,150628,37.04
20,710,GFLLIMITED,EQ,151379,84540,55.85
20,711,GHCL,EQ,395374,146466,37.04
20,712,GHCLTEXTIL,EQ,561163,329120,58.65
20,713,GICHSGFIN,EQ,359921,147829,41.07
20,714,GICL,SM,381000,249000,65.35
20,715,GICRE,EQ,661388,196926,29.77
20,716,GILLANDERS,EQ,62969,38866,61.72
20,717,GILLETTE,EQ,109330,103125,94.32
20,718,GILT5YBEES,EQ,300443,263326,87.65
20,719,GINNIFILA,EQ,130851,92743,70.88
20,720,GIPCL,EQ,4243140,1530048,36.06
20,721,GIRIRAJ,ST,2500,2500,100.00
20,722,GLAND,EQ,383355,112245,29.28
20,723,GLAXO,EQ,1002951,506770,50.53
20,724,GLENMARK,EQ,3980406,477701,12.00
20,725,GLFL,EQ,6041,4323,71.56
20,726,GLOBAL,EQ,339837,119040,35.03
20,727,GLOBALPET,SM,12000,9000,75.00
20,728,GLOBALVECT,EQ,73259,44458,60.69
20,729,GLOBUSSPR,EQ,115351,52122,45.19
20,730,GLS,EQ,1648198,477220,28.95
20,731,GMBREW,EQ,80790,38261,47.36
20,732,GMDCLTD,EQ,9875294,2707700,27.42
20,733,GMMPFAUDLR,EQ,161512,79720,49.36
20,734,GMRINFRA,EQ,28625842,7367852,25.74
20,735,GMRP&UI,EQ,6029665,3555500,58.97
20,736,GNA,EQ,145401,69417,47.74
20,737,GNFC,EQ,2244306,548946,24.46
20,738,GOACARBON,EQ,57424,28318,49.31
20,739,GOCLCORP,EQ,24243,10644,43.91
20,740,GOCOLORS,EQ,136031,106303,78.15
20,741,GODFRYPHLP,EQ,174093,57306,32.92
20,742,GODREJAGRO,EQ,328840,122964,37.39
20,743,GODREJCP,EQ,1201742,916942,76.30
20,744,GODREJIND,EQ,2784636,1500342,53.88
20,745,GODREJPROP,EQ,402722,140049,34.78
20,746,GOKEX,EQ,332638,123634,37.17
20,747,GOKUL,EQ,1471555,857623,58.28
20,748,GOKULAGRO,EQ,139736,75350,53.92
20,749,GOLDBEES,EQ,6369905,5047043,79.23
20,750,GOLDETF,EQ,79501,64516,81.15
20,751,GOLDIAM,EQ,342459,185641,54.21
20,752,GOLDIETF,EQ,2685121,2268755,84.49
20,753,GOLDSHARE,EQ,81851,74289,90.76
20,754,GOLDSTAR,ST,135000,123750,91.67
20,755,GOODLUCK,EQ,121989,58793,48.20
20,756,GOYALSALT,SM,30000,27000,90.00
20,757,GPIL,EQ,487957,206129,42.24
20,758,GPPL,EQ,4375827,1724575,39.41
20,759,GRANULES,EQ,3696477,881034,23.83
20,760,GRAPHISAD,SM,153600,126000,82.03
20,761,GRAPHITE,EQ,1191030,281412,23.63
20,762,GRASIM,EQ,796768,508481,63.82
20,763,GRAVITA,EQ,79055,37097,46.93
20,764,GREAVESCOT,EQ,3729198,1710201,45.86
20,765,GREENCHEF,SM,53600,40000,74.63
20,766,GREENLAM,EQ,23680,8696,36.72
20,767,GREENPANEL,EQ,424401,149425,35.21
20,768,GREENPLY,EQ,548833,235668,42.94
20,769,GREENPOWER,EQ,9965321,5640408,56.60
20,770,GRINDWELL,EQ,24818,11834,47.68
20,771,GRINFRA,EQ,261699,123976,47.37
20,772,GRMOVER,EQ,112080,51595,46.03
20,773,GROBTEA,EQ,637,429,67.35
20,774,GRPLTD,EQ,131,98,74.81
20,775,GRSE,EQ,465924,152452,32.72
20,776,GRWRHITECH,EQ,8986,5627,62.62
20,777,GSEC10IETF,EQ,444,422,95.05
20,778,GSEC10YEAR,EQ,2464,1396,56.66
20,779,GSEC5IETF,EQ,3780,2791,73.84
20,780,GSFC,EQ,33329731,4930456,14.79
20,781,GSLSU,EQ,3096883,948098,30.61
20,782,GSPL,EQ,6360561,3139030,49.35
20,783,GSS,EQ,17462,11466,65.66
20,784,GSTL,ST,15000,14000,93.33
20,785,GTL,EQ,16558939,6890695,41.61
20,786,GTLINFRA,EQ,111731496,54292472,48.59
20,787,GTPL,EQ,134481,57015,42.40
20,788,GUFICBIO,EQ,201275,77182,38.35
20,789,GUJALKALI,EQ,871474,200640,23.02
20,790,GUJAPOLLO,EQ,170324,74236,43.59
20,791,GUJGASLTD,EQ,5085625,1788855,35.17
20,792,GULFOILLUB,EQ,136343,56501,41.44
20,793,GULPOLY,EQ,100755,64999,64.51
20,794,GVKPIL,EQ,22318524,14109075,63.22
20,795,HAL,EQ,1047639,425194,40.59
20,796,HAPPSTMNDS,EQ,400253,186830,46.68
20,797,HAPPYFORGE,EQ,234307,129174,55.13
20,798,HARDWYN,EQ,214570,106686,49.72
20,799,HARIOMPIPE,EQ,27080,12132,44.80
20,800,HARSHA,EQ,47306,25566,54.04
20,801,HATHWAY,EQ,19190309,5992463,31.23
20,802,HATSUN,EQ,15115,6807,45.03
20,803,HAVELLS,EQ,732232,292039,39.88
20,804,HBLPOWER,EQ,1916773,769745,40.16
20,805,HCC,EQ,25985336,8707516,33.51
20,806,HCG,EQ,259556,87088,33.55
20,807,HCL-INSYS,EQ,1286875,669015,51.99
20,808,HCLTECH,EQ,1440888,948862,65.85
20,809,HDFCAMC,EQ,374265,177610,47.46
20,810,HDFCBANK,EQ,14621046,8690628,59.44
20,811,HDFCBSE500,EQ,23465,15365,65.48
20,812,HDFCGOLD,EQ,446335,311967,69.90
20,813,HDFCGROWTH,EQ,2018,1487,73.69
20,814,HDFCLIFE,EQ,3005450,1498497,49.86
20,815,HDFCLIQUID,EQ,865,550,63.58
20,816,HDFCLOWVOL,EQ,34103,5128,15.04
20,817,HDFCMID150,EQ,270518,235534,87.07
20,818,HDFCMOMENT,EQ,46401,33708,72.64
20,819,HDFCNEXT50,EQ,8088,5182,64.07
20,820,HDFCNIF100,EQ,35986,20806,57.82
20,821,HDFCNIFBAN,EQ,20781,18550,89.26
20,822,HDFCNIFIT,EQ,7877,4959,62.96
20,823,HDFCNIFTY,EQ,39880,29488,73.94
20,824,HDFCPVTBAN,EQ,5188,4610,88.86
20,825,HDFCQUAL,EQ,3175,2467,77.70
20,826,HDFCSENSEX,EQ,2010,1343,66.82
20,827,HDFCSILVER,EQ,62845,46881,74.60
20,828,HDFCSML250,EQ,162013,116291,71.78
20,829,HDFCVALUE,EQ,5508,3074,55.81
20,830,HEADSUP,EQ,114315,81173,71.01
20,831,HEALTHIETF,EQ,56122,42551,75.82
20,832,HEALTHY,EQ,693756,583774,84.15
20,833,HEG,EQ,308041,105684,34.31
20,834,HEIDELBERG,EQ,150259,70651,47.02
20,835,HEMIPROP,EQ,1473808,548997,37.25
20,836,HERANBA,EQ,213702,89916,42.08
20,837,HERCULES,EQ,61263,29072,47.45
20,838,HERITGFOOD,EQ,599796,323693,53.97
20,839,HEROMOTOCO,EQ,507848,199068,39.20
20,840,HESTERBIO,EQ,17152,8743,50.97
20,841,HEUBACHIND,EQ,492209,205897,41.83
20,842,HEXATRADEX,EQ,6221,3717,59.75
20,843,HFCL,EQ,27995040,6647168,23.74
20,844,HGINFRA,EQ,190894,94619,49.57
20,845,HGS,EQ,18287,9612,52.56
20,846,HIGREEN,SM,96000,72000,75.00
20,847,HIKAL,EQ,444434,162354,36.53
20,848,HIL,EQ,11037,6549,59.34
20,849,HILTON,EQ,436946,169559,38.81
20,850,HIMATSEIDE,EQ,372828,175893,47.18
20,851,HINDALCO,EQ,4975013,1937754,38.95
20,852,HINDCOMPOS,EQ,21849,5298,24.25
20,853,HINDCOPPER,EQ,11463429,3300070,28.79
20,854,HINDMOTORS,EQ,717562,459913,64.09
20,855,HINDOILEXP,EQ,1344809,540902,40.22
20,856,HINDPETRO,EQ,8216368,3032351,36.91
20,857,HINDUNILVR,EQ,1310629,801607,61.16
20,858,HINDWAREAP,EQ,39960,17029,42.62
20,859,HINDZINC,EQ,566897,301301,53.15
20,860,HIRECT,EQ,12333,8605,69.77
20,861,HISARMETAL,EQ,13475,9398,69.74
20,862,HITECH,EQ,3574077,1448956,40.54
20,863,HITECHCORP,EQ,10945,7571,69.17
20,864,HITECHGEAR,EQ,19580,8724,44.56
20,865,HLEGLAS,EQ,58625,30193,51.50
20,866,HLVLTD,EQ,1399359,682825,48.80
20,867,HMAAGRO,EQ,1248946,800940,64.13
20,868,HMVL,EQ,199743,95623,47.87
20,869,HNDFDS,EQ,37854,23644,62.46
20,870,HNGSNGBEES,EQ,73735,60988,82.71
20,871,HOLMARC,SM,24000,21000,87.50
20,872,HOMEFIRST,EQ,280010,85195,30.43
20,873,HOMESFY,SM,4200,3000,71.43
20,874,HONASA,EQ,893359,511274,57.23
20,875,HONAUT,EQ,3823,2178,56.97
20,876,HONDAPOWER,EQ,9069,4184,46.14
20,877,HPAL,EQ,253051,122414,48.38
20,878,HPL,EQ,2273194,817071,35.94
20,879,HSCL,EQ,2097925,1002003,47.76
20,880,HTMEDIA,EQ,5151039,2758986,53.56
20,881,HUBTOWN,EQ,394525,207384,52.57
20,882,HUDCO,EQ,21117216,5218138,24.71
20,883,HUDCO,N2,305,305,100.00
20,884,HUDCO,N5,550,550,100.00
20,885,HUDCO,N8,1445,1345,93.08
20,886,HUDCO,N9,422,422,100.00
20,887,HUDCO,ND,124,124,100.00
20,888,HUDCO,NE,2740,2575,93.98
20,889,HUHTAMAKI,EQ,283988,129171,45.48
20,890,IBREALEST,EQ,7543006,2544551,33.73
20,891,IBUCCREDIT,NO,393,393,100.00
20,892,IBUCCREDIT,NQ,68,68,100.00
20,893,IBULHSG,N4,100,100,100.00
20,894,IBULHSG,NV,27,27,100.00
20,895,IBULHSG,NX,5,5,100.00
20,896,IBULHSG,Y1,50,50,100.00
20,897,IBULHSG,Y5,160,140,87.50
20,898,IBULHSG,YM,840,840,100.00
20,899,IBULHSGFIN,AH,200,110,55.00
20,900,IBULHSGFIN,AN,10,10,100.00
20,901,IBULHSGFIN,AP,25,25,100.00
20,902,IBULHSGFIN,AR,10,10,100.00
20,903,IBULHSGFIN,BC,10,10,100.00
20,904,IBULHSGFIN,BI,8,8,100.00
20,905,IBULHSGFIN,EQ,9259629,3916338,42.29
20,906,IBULHSGFIN,N0,56,56,100.00
20,907,IBULHSGFIN,N9,10,10,100.00
20,908,IBULHSGFIN,NA,389,389,100.00
20,909,IBULHSGFIN,NE,585,585,100.00
20,910,IBULHSGFIN,NN,2,1,50.00
20,911,IBULHSGFIN,NT,31,31,100.00
20,912,IBULHSGFIN,Y5,50,50,100.00
20,913,IBULHSGFIN,Y6,548,473,86.31
20,914,IBULHSGFIN,YP,50,50,100.00
20,915,IBULHSGFIN,YX,10,10,100.00
20,916,IBULHSGFIN,YZ,4,4,100.00
20,917,IBULHSGFIN,Z3,42,42,100.00
20,918,IBULHSGFIN,ZP,36,36,100.00
20,919,IBULHSGFIN,ZU,1,1,100.00
20,920,ICEMAKE,EQ,32846,16059,48.89
20,921,ICICIB22,EQ,2164450,1980836,91.52
20,922,ICICIBANK,EQ,16263825,8987680,55.26
20,923,ICICIGI,EQ,491395,185920,37.84
20,924,ICICIPRULI,EQ,1359923,613520,45.11
20,925,ICIL,EQ,314261,152136,48.41
20,926,ICRA,EQ,744,328,44.09
20,927,IDBI,EQ,6776439,2434562,35.93
20,928,IDEA,EQ,1095516024,202600654,18.49
20,929,IDEAFORGE,EQ,115424,61019,52.87
20,930,IDFC,EQ,5233654,2692039,51.44
20,931,IDFCFIRSTB,EQ,35436796,17006311,47.99
20,932,IDFNIFTYET,EQ,463,208,44.92
20,933,IEX,EQ,22328576,6385797,28.60
20,934,IFBAGRO,EQ,18319,9456,51.62
20,935,IFBIND,EQ,428888,388845,90.66
20,936,IFCI,EQ,21173457,5177779,24.45
20,937,IFCI,NH,183,183,100.00
20,938,IFGLEXPOR,EQ,21370,10611,49.65
20,939,IGARASHI,EQ,160320,50229,31.33
20,940,IGL,EQ,2717197,1219267,44.87
20,941,IGPL,EQ,79562,35611,44.76
20,942,IIFCL,N4,395,295,74.68
20,943,IIFL,EQ,1047716,655863,62.60
20,944,IIFL,N6,152,108,71.05
20,945,IIFL,N7,110,110,100.00
20,946,IIFL,NE,632,632,100.00
20,947,IIFL,NF,1056,806,76.33
20,948,IIFL,NL,104,72,69.23
20,949,IIFL,NM,50,50,100.00
20,950,IIFL,NN,100,100,100.00
20,951,IIFL,NO,256,246,96.09
20,952,IIFL,NP,101,101,100.00
20,953,IIFL,NQ,150,150,100.00
20,954,IIFL,NS,1916,1808,94.36
20,955,IIFL,NT,262,262,100.00
20,956,IIFL,NU,359,359,100.00
20,957,IIFL,NV,1489,1489,100.00
20,958,IIFL,NW,100,100,100.00
20,959,IIFL,NZ,103,103,100.00
20,960,IIFLSAMFIN,N0,78,78,100.00
20,961,IIFLSAMFIN,N1,100,100,100.00
20,962,IIFLSAMFIN,N2,30,30,100.00
20,963,IIFLSAMFIN,N3,80,80,100.00
20,964,IIFLSAMFIN,N4,925,845,91.35
20,965,IIFLSEC,EQ,958364,384034,40.07
20,966,IIHFL,N4,313,313,100.00
20,967,IIHFL,N5,2860,1918,67.06
20,968,IIHFL,N6,170,100,58.82
20,969,IIHFL,N7,233,233,100.00
20,970,IIHFL,N8,325,300,92.31
20,971,IIHFL,NC,243,190,78.19
20,972,IKIO,EQ,1041238,640773,61.54
20,973,IMAGICAA,EQ,2654117,1136374,42.82
20,974,IMC1,N0,51,51,100.00
20,975,IMC1,N1,41,41,100.00
20,976,IMC1,N2,96,96,100.00
20,977,IMC1,N3,41,41,100.00
20,978,IMFA,EQ,127306,46892,36.83
20,979,IMPAL,EQ,3137,1719,54.80
20,980,IMPEXFERRO,EQ,51536,51536,100.00
20,981,INCREDFIN,N2,647,497,76.82
20,982,INCREDFIN,N3,130,130,100.00
20,983,INCREDFIN,N4,40,40,100.00
20,984,INDBANK,EQ,113270,66982,59.13
20,985,INDHOTEL,EQ,2850481,1749050,61.36
20,986,INDIACEM,EQ,4017254,790414,19.68
20,987,INDIAGLYCO,EQ,687364,258286,37.58
20,988,INDIAMART,EQ,140094,63898,45.61
20,989,INDIANB,EQ,3268709,1783540,54.56
20,990,INDIANCARD,EQ,89863,51995,57.86
20,991,INDIANHUME,EQ,63327,31685,50.03
20,992,INDIASHLTR,EQ,529540,293348,55.40
20,993,INDIFRA,ST,4000,4000,100.00
20,994,INDIGO,EQ,439889,252023,57.29
20,995,INDIGOPNTS,EQ,43154,28803,66.74
20,996,INDIGRID,IV,510637,469266,91.90
20,997,INDIGRID,ND,783,783,100.00
20,998,INDIGRID,NH,2,2,100.00
20,999,INDIGRID,NJ,50,50,100.00
20,1000,INDIGRID,NL,139,139,100.00
20,1001,INDNIPPON,EQ,37415,23683,63.30
20,1002,INDOAMIN,EQ,4062846,1026732,25.27
20,1003,INDOBORAX,EQ,201747,102200,50.66
20,1004,INDOCO,EQ,116740,54228,46.45
20,1005,INDORAMA,EQ,295935,132220,44.68
20,1006,INDOTECH,EQ,24876,19316,77.65
20,1007,INDOTHAI,EQ,2039,1253,61.45
20,1008,INDSWFTLAB,EQ,938398,392491,41.83
20,1009,INDTERRAIN,EQ,270463,120681,44.62
20,1010,INDUSINDBK,EQ,1227193,607542,49.51
20,1011,INDUSTOWER,EQ,20581788,4427426,21.51
20,1012,INFIBEAM,EQ,20979030,7580449,36.13
20,1013,INFINIUM,SM,7500,7000,93.33
20,1014,INFOBEAN,EQ,44115,23832,54.02
20,1015,INFOLLION,SM,33600,22400,66.67
20,1016,INFRABEES,EQ,9067,5431,59.90
20,1017,INFRAIETF,EQ,77175,62996,81.63
20,1018,INFY,EQ,5396313,3802441,70.46
20,1019,INGERRAND,EQ,11667,8087,69.32
20,1020,INNOVACAP,EQ,2538466,499731,19.69
20,1021,INNOVANA,SM,1600,1200,75.00
20,1022,INNOVATIVE,SM,609000,483000,79.31
20,1023,INOXGREEN,EQ,7390115,3731965,50.50
20,1024,INOXINDIA,EQ,510793,239105,46.81
20,1025,INOXWIND,EQ,2070821,1140358,55.07
20,1026,INSECTICID,EQ,20642,11358,55.02
20,1027,INSPIRE,SM,78000,72000,92.31
20,1028,INTELLECT,EQ,732411,190550,26.02
20,1029,INTENTECH,EQ,189148,102608,54.25
20,1030,INTLCONV,EQ,596835,300799,50.40
20,1031,INVENTURE,EQ,7433275,3553396,47.80
20,1032,IOB,EQ,18828371,4595135,24.41
20,1033,IOC,EQ,17271309,6409957,37.11
20,1034,IOLCP,EQ,1968044,553840,28.14
20,1035,IONEXCHANG,EQ,202496,113442,56.02
20,1036,IPCALAB,EQ,443895,201869,45.48
20,1037,IPL,EQ,1623829,409747,25.23
20,1038,IRB,EQ,13407529,5586315,41.67
20,1039,IRBINVIT,IV,347839,279323,80.30
20,1040,IRCON,EQ,13412685,4520795,33.71
20,1041,IRCTC,EQ,5242381,1056708,20.16
20,1042,IREDA,EQ,23688907,8982168,37.92
20,1043,IREDA,N1,5,5,100.00
20,1044,IREDA,N3,3,3,100.00
20,1045,IREDA,N5,10,10,100.00
20,1046,IREDA,N6,75,75,100.00
20,1047,IREDA,N7,278,278,100.00
20,1048,IRFC,EQ,70051082,17915364,25.57
20,1049,IRFC,N2,61,61,100.00
20,1050,IRFC,N4,151,104,68.87
20,1051,IRFC,N8,1,1,100.00
20,1052,IRFC,N9,566,366,64.66
20,1053,IRFC,NA,40,40,100.00
20,1054,IRFC,ND,50,50,100.00
20,1055,IRFC,NE,184,102,55.43
20,1056,IRFC,NJ,982,837,85.23
20,1057,IRIS,EQ,82093,40986,49.93
20,1058,IRISDOREME,EQ,173203,74322,42.91
20,1059,IRMENERGY,EQ,300810,136231,45.29
20,1060,ISEC,EQ,191443,119306,62.32
20,1061,ISFT,EQ,12972,7526,58.02
20,1062,ISGEC,EQ,54306,27532,50.70
20,1063,ISHAN,ST,44800,44800,100.00
20,1064,ISMTLTD,EQ,292596,164522,56.23
20,1065,ITBEES,EQ,4272015,3247695,76.02
20,1066,ITC,EQ,10519771,5745283,54.61
20,1067,ITDC,EQ,226968,57094,25.16
20,1068,ITDCEM,EQ,577612,262288,45.41
20,1069,ITETF,EQ,25270,20208,79.97
20,1070,ITI,EQ,5960845,1152603,19.34
20,1071,ITIETF,EQ,304540,227101,74.57
20,1072,IVP,EQ,22840,12278,53.76
20,1073,IVZINGOLD,EQ,23,18,78.26
20,1074,JAGRAN,EQ,217318,118050,54.32
20,1075,JAGSNPHARM,EQ,56492,32364,57.29
20,1076,JAICORPLTD,EQ,1317167,497019,37.73
20,1077,JAIPURKURT,EQ,13808,8378,60.67
20,1078,JALAN,ST,15000,15000,100.00
20,1079,JAMNAAUTO,EQ,2284800,819736,35.88
20,1080,JASH,EQ,6367,4309,67.68
20,1081,JAYAGROGN,EQ,27478,13170,47.93
20,1082,JAYBARMARU,EQ,761970,398297,52.27
20,1083,JAYNECOIND,EQ,568022,358646,63.14
20,1084,JAYSREETEA,EQ,184905,99672,53.90
20,1085,JBCHEPHARM,EQ,246969,93726,37.95
20,1086,JBMA,EQ,741322,205944,27.78
20,1087,JCHAC,EQ,19942,10626,53.28
20,1088,JETFREIGHT,EQ,91169,70707,77.56
20,1089,JFLLIFE,SM,4000,4000,100.00
20,1090,JHS,EQ,293579,179281,61.07
20,1091,JINDALPHOT,EQ,29571,15203,51.41
20,1092,JINDALPOLY,EQ,43172,19987,46.30
20,1093,JINDALSAW,EQ,3006645,1457145,48.46
20,1094,JINDALSTEL,EQ,844656,210296,24.90
20,1095,JINDRILL,EQ,60977,36441,59.76
20,1096,JINDWORLD,EQ,23027,9869,42.86
20,1097,JIOFIN,EQ,9216592,5391179,58.49
20,1098,JISLDVREQS,EQ,35402,27132,76.64
20,1099,JISLJALEQS,EQ,2690080,1217411,45.26
20,1100,JIWANRAM,SM,42000,42000,100.00
20,1101,J&KBANK,EQ,2910411,1181047,40.58
20,1102,JKCEMENT,EQ,96592,35780,37.04
20,1103,JKIL,EQ,188906,90237,47.77
20,1104,JKLAKSHMI,EQ,103489,38527,37.23
20,1105,JKPAPER,EQ,755238,386770,51.21
20,1106,JKTYRE,EQ,3092133,904695,29.26
20,1107,JLHL,EQ,58188,44225,76.00
20,1108,JMA,EQ,57657,35987,62.42
20,1109,JMFINANCIL,EQ,6400056,2079749,32.50
20,1110,JOCIL,EQ,16243,9357,57.61
20,1111,JPASSOCIAT,EQ,67685645,29323531,43.32
20,1112,JPOLYINVST,EQ,18327,9536,52.03
20,1113,JPPOWER,EQ,527261650,176714519,33.52
20,1114,JSL,EQ,3060686,1855823,60.63
20,1115,JSLL,ST,10980,10620,96.72
20,1116,JSWENERGY,EQ,1835815,735790,40.08
20,1117,JSWHL,EQ,3217,1046,32.51
20,1118,JSWINFRA,EQ,3179497,1595062,50.17
20,1119,JSWSTEEL,EQ,1615515,710101,43.96
20,1120,JTEKTINDIA,EQ,4825870,1975397,40.93
20,1121,JTLIND,EQ,5571178,2324703,41.73
20,1122,JUBLFOOD,EQ,2611704,1549399,59.33
20,1123,JUBLINDS,EQ,17340,6998,40.36
20,1124,JUBLINGREA,EQ,326642,136578,41.81
20,1125,JUBLPHARMA,EQ,673114,300333,44.62
20,1126,JUNIORBEES,EQ,220026,135805,61.72
20,1127,JUSTDIAL,EQ,331884,98410,29.65
20,1128,JWL,EQ,426125,275299,64.61
20,1129,JYOTHYLAB,EQ,770736,248154,32.20
20,1130,KABRAEXTRU,EQ,36858,16954,46.00
20,1131,KAJARIACER,EQ,655201,576564,88.00
20,1132,KAKATCEM,EQ,57006,24324,42.67
20,1133,KALAMANDIR,EQ,1098116,584512,53.23
20,1134,KALYANKJIL,EQ,4853351,2195108,45.23
20,1135,KAMATHOTEL,EQ,37323,16773,44.94
20,1136,KAMDHENU,EQ,268995,135891,50.52
20,1137,KAMOPAINTS,EQ,525116,136183,25.93
20,1138,KANANIIND,EQ,919198,735050,79.97
20,1139,KANDARP,SM,8000,8000,100.00
20,1140,KANORICHEM,EQ,86107,40759,47.34
20,1141,KANPRPLA,EQ,6904,5249,76.03
20,1142,KANSAINER,EQ,512045,242891,47.44
20,1143,KARNIKA,SM,99200,67200,67.74
20,1144,KARURVYSYA,EQ,1924217,862903,44.84
20,1145,KAYA,EQ,14540,8962,61.64
20,1146,KAYNES,EQ,83254,42466,51.01
20,1147,KBCGLOBAL,EQ,6505041,5256696,80.81
20,1148,KCP,EQ,483178,245541,50.82
20,1149,KDDL,EQ,12464,6902,55.38
20,1150,KDL,SM,6400,6400,100.00
20,1151,KEC,EQ,186255,69950,37.56
20,1152,KECL,EQ,215038,131623,61.21
20,1153,KEI,EQ,173926,85514,49.17
20,1154,KEL,SM,40800,26400,64.71
20,1155,KELLTONTEC,EQ,2816942,949734,33.72
20,1156,KESORAMIND,EQ,1817234,1256094,69.12
20,1157,KFINTECH,EQ,669246,412767,61.68
20,1158,KHAICHEM,EQ,3075980,1193365,38.80
20,1159,KHAITANLTD,EQ,17614,8341,47.35
20,1160,KHANDSE,EQ,20140,12003,59.60
20,1161,KHFM,SM,18600,9300,50.00
20,1162,KICL,EQ,2753,1422,51.65
20,1163,KILITCH,EQ,44103,32797,74.36
20,1164,KIMS,EQ,48936,28127,57.48
20,1165,KINGFA,EQ,10961,6330,57.75
20,1166,KIOCL,EQ,563720,173185,30.72
20,1167,KIRIINDUS,EQ,221552,102447,46.24
20,1168,KIRLOSBROS,EQ,77692,58748,75.62
20,1169,KIRLOSENG,EQ,149590,82135,54.91
20,1170,KIRLOSIND,EQ,2640,1387,52.54
20,1171,KIRLPNU,EQ,37840,18897,49.94
20,1172,KITEX,EQ,840507,303237,36.08
20,1173,KKCL,EQ,34409,15949,46.35
20,1174,KKVAPOW,SM,312,312,100.00
20,1175,KMSUGAR,EQ,344649,150215,43.58
20,1176,KNAGRI,SM,17600,10400,59.09
20,1177,KNRCON,EQ,1912219,995257,52.05
20,1178,KODYTECH,SM,13600,11200,82.35
20,1179,KOKUYOCMLN,EQ,299433,161399,53.90
20,1180,KOLTEPATIL,EQ,299812,186404,62.17
20,1181,KONTOR,SM,10800,8400,77.78
20,1182,KOPRAN,EQ,527137,255855,48.54
20,1183,KORE,SM,18000,16000,88.89
20,1184,KOTAKALPHA,EQ,206359,148348,71.89
20,1185,KOTAKBANK,EQ,5120796,3258114,63.63
20,1186,KOTAKBKETF,EQ,208140,179575,86.28
20,1187,KOTAKCONS,EQ,368,252,68.48
20,1188,KOTAKGOLD,EQ,215248,160418,74.53
20,1189,KOTAKIT,EQ,49344,36729,74.43
20,1190,KOTAKLIQ,EQ,40373,20278,50.23
20,1191,KOTAKLOVOL,EQ,21766,11557,53.10
20,1192,KOTAKMID50,EQ,28709,15143,52.75
20,1193,KOTAKMNC,EQ,14091,7641,54.23
20,1194,KOTAKNIFTY,EQ,47285,35150,74.34
20,1195,KOTAKNV20,EQ,15236,8255,54.18
20,1196,KOTAKPSUBK,EQ,72468,57323,79.10
20,1197,KOTAKSILVE,EQ,24392,22098,90.60
20,1198,KOTARISUG,EQ,136611,76818,56.23
20,1199,KOTHARIPET,EQ,93331,60005,64.29
20,1200,KOTHARIPRO,EQ,17531,11108,63.36
20,1201,KOTYARK,SM,48000,35200,73.33
20,1202,KPIGREEN,EQ,387056,186731,48.24
20,1203,KPIL,EQ,219390,101932,46.46
20,1204,KPITTECH,EQ,912412,580486,63.62
20,1205,KPRMILL,EQ,490324,371008,75.67
20,1206,KRBL,EQ,284221,138802,48.84
20,1207,KREBSBIO,EQ,10867,7214,66.38
20,1208,KRIDHANINF,EQ,36684,36684,100.00
20,1209,KRISHANA,EQ,119034,79493,66.78
20,1210,KRISHCA,SM,28000,20000,71.43
20,1211,KRISHIVAL,SM,6000,2500,41.67
20,1212,KRISHNADEF,SM,23500,15500,65.96
20,1213,KRITI,EQ,261516,114066,43.62
20,1214,KRITINUT,EQ,28498,18945,66.48
20,1215,KRSNAA,EQ,67888,39482,58.16
20,1216,KSB,EQ,19491,9138,46.88
20,1217,KSCL,EQ,176306,78525,44.54
20,1218,KSL,EQ,264205,75258,28.48
20,1219,KSOLVES,EQ,89945,37662,41.87
20,1220,KTKBANK,EQ,885210,474977,53.66
20,1221,KUANTUM,EQ,135984,72853,53.57
20,1222,LAGNAM,EQ,59655,31014,51.99
20,1223,LAL,EQ,6746,2578,38.22
20,1224,LALPATHLAB,EQ,284235,103124,36.28
20,1225,LAMBODHARA,EQ,19443,9890,50.87
20,1226,LANDMARK,EQ,70527,33324,47.25
20,1227,LAOPALA,EQ,430634,178908,41.55
20,1228,LASA,EQ,528177,236010,44.68
20,1229,LATENTVIEW,EQ,449051,205558,45.78
20,1230,LATTEYS,EQ,66446,50831,76.50
20,1231,LAURUSLABS,EQ,3370927,1038896,30.82
20,1232,LAXMICOT,EQ,175431,96615,55.07
20,1233,LAXMIMACH,EQ,2323,991,42.66
20,1234,LCCINFOTEC,EQ,177034,128326,72.49
20,1235,LEMERITE,SM,14400,12800,88.89
20,1236,LEMONTREE,EQ,80174681,14448607,18.02
20,1237,LFIC,EQ,32210,15001,46.57
20,1238,LGBBROSLTD,EQ,22721,10023,44.11
20,1239,LGBFORGE,EQ,1583800,824874,52.08
20,1240,LIBAS,EQ,1168177,542967,46.48
20,1241,LIBERTSHOE,EQ,76572,29805,38.92
20,1242,LICHSGFIN,EQ,2659755,837512,31.49
20,1243,LICI,EQ,3672560,1495871,40.73
20,1244,LICMFGOLD,EQ,96,63,65.63
20,1245,LICNETFGSC,EQ,45216,26834,59.35
20,1246,LICNETFN50,EQ,244,199,81.56
20,1247,LICNETFSEN,EQ,1175,229,19.49
20,1248,LICNFNHGP,EQ,565,219,38.76
20,1249,LIKHITHA,EQ,211721,121065,57.18
20,1250,LINC,EQ,23754,13884,58.45
20,1251,LINCOLN,EQ,92448,35030,37.89
20,1252,LINDEINDIA,EQ,30235,17226,56.97
20,1253,LIQUID,EQ,334061,327016,97.89
20,1254,LIQUIDBEES,EQ,3933071,3592203,91.33
20,1255,LIQUIDETF,EQ,466351,427503,91.67
20,1256,LIQUIDIETF,EQ,342998,178220,51.96
20,1257,LIQUIDSBI,EQ,1,1,100.00
20,1258,LLOYDS,SM,30000,30000,100.00
20,1259,LLOYDSME,EQ,383222,131907,34.42
20,1260,LODHA,EQ,914756,493082,53.90
20,1261,LOKESHMACH,EQ,48058,28146,58.57
20,1262,LORDSCHLO,EQ,47068,20940,44.49
20,1263,LOTUSEYE,EQ,17750,13876,78.17
20,1264,LOVABLE,EQ,62327,37437,60.07
20,1265,LOWVOL,EQ,327,283,86.54
20,1266,LOWVOLIETF,EQ,46826,25564,54.59
20,1267,LOYALTEX,EQ,1660,1120,67.47
20,1268,LRRPL,SM,21000,18000,85.71
20,1269,LT,EQ,1511464,969027,64.11
20,1270,L&TFH,EQ,5915599,2831041,47.86
20,1271,L&TFIN,N1,12,12,100.00
20,1272,L&TFIN,N5,353,353,100.00
20,1273,L&TFIN,NJ,119,101,84.87
20,1274,L&TFIN,NL,570,370,64.91
20,1275,LTFOODS,EQ,637201,318511,49.99
20,1276,LTGILTBEES,EQ,2608078,2421749,92.86
20,1277,LTIM,EQ,475149,299519,63.04
20,1278,LTTS,EQ,159950,74279,46.44
20,1279,LUMAXIND,EQ,4404,2158,49.00
20,1280,LUMAXTECH,EQ,98329,54202,55.12
20,1281,LUPIN,EQ,7120785,1784693,25.06
20,1282,LUXIND,EQ,88701,54273,61.19
20,1283,LXCHEM,EQ,1086160,464837,42.80
20,1284,MAANALU,EQ,242933,154455,63.58
20,1285,MADHAV,EQ,32549,17040,52.35
20,1286,MADHAVBAUG,SM,4400,2800,63.64
20,1287,MADHUSUDAN,SM,60000,52000,86.67
20,1288,MADRASFERT,EQ,5709532,1248027,21.86
20,1289,MAFANG,EQ,586971,408886,69.66
20,1290,MAGADSUGAR,EQ,13315,4795,36.01
20,1291,MAGNUM,EQ,408796,294526,72.05
20,1292,MAGSON,SM,8000,8000,100.00
20,1293,MAHABANK,EQ,17628818,4870426,27.63
20,1294,MAHAPEXLTD,EQ,11564,7448,64.41
20,1295,MAHASTEEL,EQ,273452,158647,58.02
20,1296,MAHEPC,EQ,120929,55899,46.22
20,1297,MAHESHWARI,EQ,54997,42637,77.53
20,1298,MAHICKRA,SM,10500,10500,100.00
20,1299,MAHKTECH,EQ,3741372,2532545,67.69
20,1300,MAHLIFE,EQ,191843,130190,67.86
20,1301,MAHLOG,EQ,3682287,1117479,30.35
20,1302,MAHSCOOTER,EQ,4805,2551,53.09
20,1303,MAHSEAMLES,EQ,150571,86071,57.16
20,1304,MAITHANALL,EQ,92950,30985,33.34
20,1305,MAITREYA,SM,38400,22400,58.33
20,1306,MAKEINDIA,EQ,11226,6826,60.81
20,1307,MAKS,ST,9000,7500,83.33
20,1308,MAL,SM,24000,17600,73.33
20,1309,MALLCOM,EQ,7297,4395,60.23
20,1310,MALUPAPER,EQ,1252258,590519,47.16
20,1311,MANAKALUCO,EQ,287548,179040,62.26
20,1312,MANAKSIA,EQ,226848,104450,46.04
20,1313,MANAKSTEEL,EQ,151249,76093,50.31
20,1314,MANALIPETC,EQ,1359633,526398,38.72
20,1315,MANAPPURAM,EQ,5954260,2255502,37.88
20,1316,MANGALAM,EQ,65730,36140,54.98
20,1317,MANGCHEFER,EQ,2299909,1005091,43.70
20,1318,MANGLMCEM,EQ,308425,226697,73.50
20,1319,MANINDS,EQ,646306,293371,45.39
20,1320,MANINFRA,EQ,2324011,1172210,50.44
20,1321,MANKIND,EQ,1313720,434764,33.09
20,1322,MANOMAY,EQ,20178,10902,54.03
20,1323,MANORAMA,EQ,34462,20491,59.46
20,1324,MANORG,EQ,27657,15500,56.04
20,1325,MANYAVAR,EQ,118317,84390,71.33
20,1326,MAPMYINDIA,EQ,282020,111966,39.70
20,1327,MARALOVER,EQ,49131,29719,60.49
20,1328,MARATHON,EQ,40011,22503,56.24
20,1329,MARCO,SM,30000,30000,100.00
20,1330,MARICO,EQ,1243897,715512,57.52
20,1331,MARINETRAN,SM,116000,64000,55.17
20,1332,MARKSANS,EQ,4440679,1429253,32.19
20,1333,MARSHALL,EQ,279319,135735,48.59
20,1334,MARUTI,EQ,776837,564333,72.64
20,1335,MASFIN,EQ,54620,20201,36.98
20,1336,MASPTOP50,EQ,91887,64732,70.45
20,1337,MASTEK,EQ,102174,57318,56.10
20,1338,MASTER,SM,2000,2000,100.00
20,1339,MATRIMONY,EQ,31650,17276,54.58
20,1340,MAWANASUG,EQ,116965,57303,48.99
20,1341,MAXESTATES,EQ,86934,49740,57.22
20,1342,MAXHEALTH,EQ,637956,399064,62.55
20,1343,MAXIND,EQ,1926115,430477,22.35
20,1344,MAYURUNIQ,EQ,606347,205054,33.82
20,1345,MAZDA,EQ,11359,3445,30.33
20,1346,MAZDOCK,EQ,996360,288612,28.97
20,1347,MBAPL,EQ,37678,27953,74.19
20,1348,MCDOWELL-N,EQ,686566,275596,40.14
20,1349,MCL,EQ,116384,73677,63.31
20,1350,MCON,SM,4000,4000,100.00
20,1351,MCX,EQ,638190,127501,19.98
20,1352,MDL,SM,40000,38000,95.00
20,1353,MEDANTA,EQ,147467,74292,50.38
20,1354,MEDICAMEQ,EQ,12615,6829,54.13
20,1355,MEDICO,EQ,169215,31477,18.60
20,1356,MEDPLUS,EQ,104178,53774,51.62
20,1357,MEGAFLEX,SM,24000,21000,87.50
20,1358,MEGASTAR,EQ,11170,5247,46.97
20,1359,MENONBE,EQ,104309,50253,48.18
20,1360,METROBRAND,EQ,75225,42630,56.67
20,1361,METROPOLIS,EQ,415671,91465,22.00
20,1362,MFSL,EQ,554096,366482,66.14
20,1363,MGEL,EQ,327632,216420,66.06
20,1364,MGL,EQ,489638,147653,30.16
20,1365,MHHL,SM,85500,63000,73.68
20,1366,MHRIL,EQ,192834,81125,42.07
20,1367,MICROPRO,SM,32000,20800,65.00
20,1368,MID150BEES,EQ,478884,236529,49.39
20,1369,MIDCAPETF,EQ,2980861,2634575,88.38
20,1370,MIDCAPIETF,EQ,131642,73235,55.63
20,1371,MIDHANI,EQ,567207,203065,35.80
20,1372,MIDSELIETF,EQ,66088,17219,26.05
20,1373,MILTON,SM,4400,4400,100.00
20,1374,MINDACORP,EQ,397640,270684,68.07
20,1375,MINDSPACE,RR,99372,73984,74.45
20,1376,MINDTECK,EQ,44198,19604,44.35
20,1377,MIRZAINT,EQ,323572,158502,48.99
20,1378,MITCON,EQ,22312,16855,75.54
20,1379,MITTAL,EQ,12828575,6529652,50.90
20,1380,MKPL,EQ,3449433,1073080,31.11
20,1381,M&M,EQ,2857334,1811155,63.39
20,1382,M&MFIN,EQ,4986465,2007034,40.25
20,1383,M&MFIN,N1,33,33,100.00
20,1384,M&MFIN,N2,340,180,52.94
20,1385,M&MFIN,N3,1,1,100.00
20,1386,MMFL,EQ,53476,26171,48.94
20,1387,MMP,EQ,46419,34193,73.66
20,1388,MMTC,EQ,3189108,1181217,37.04
20,1389,MODISONLTD,EQ,86378,33659,38.97
20,1390,MOGSEC,EQ,1099,1071,97.45
20,1391,MOHEALTH,EQ,42914,30033,69.98
20,1392,MOHITIND,EQ,18967,14830,78.19
20,1393,MOIL,EQ,2404253,778951,32.40
20,1394,MOL,EQ,25026538,5549734,22.18
20,1395,MOLDTECH,EQ,152551,88786,58.20
20,1396,MOLDTKPAC,EQ,84885,36130,42.56
20,1397,MOLOWVOL,EQ,468942,465254,99.21
20,1398,MOM100,EQ,369986,276396,74.70
20,1399,MOM30IETF,EQ,471196,45982,9.76
20,1400,MOM50,EQ,1753,1457,83.11
20,1401,MOMENTUM,EQ,10567,4666,44.16
20,1402,MOMOMENTUM,EQ,21066,14157,67.20
20,1403,MON100,EQ,446576,233095,52.20
20,1404,MONARCH,EQ,245249,82993,33.84
20,1405,MONIFTY500,EQ,422289,271814,64.37
20,1406,MONOPHARMA,SM,12000,12000,100.00
20,1407,MONQ50,EQ,31746,17318,54.55
20,1408,MONTECARLO,EQ,24102,11865,49.23
20,1409,MOQUALITY,EQ,365,275,75.34
20,1410,MORARJEE,EQ,89092,58511,65.67
20,1411,MOREPENLAB,EQ,8273433,2523788,30.50
20,1412,MOS,SM,24000,17600,73.33
20,1413,MOTHERSON,EQ,22614823,7983091,35.30
20,1414,MOTILALOFS,EQ,160712,74763,46.52
20,1415,MOTOGENFIN,EQ,383119,178976,46.72
20,1416,MOVALUE,EQ,37561,28763,76.58
20,1417,MPHASIS,EQ,355638,123180,34.64
20,1418,MPSLTD,EQ,17352,9514,54.83
20,1419,MRF,EQ,8846,1464,16.55
20,1420,MRO-TEK,EQ,73156,41434,56.64
20,1421,MRPL,EQ,2836841,1075617,37.92
20,1422,MSTCLTD,EQ,929990,256970,27.63
20,1423,MSUMI,EQ,12295620,6817209,55.44
20,1424,MTARTECH,EQ,174301,78639,45.12
20,1425,MTNL,EQ,5993250,1777945,29.67
20,1426,MUFIN,EQ,116074,89040,76.71
20,1427,MUFTI,EQ,1310040,422269,32.23
20,1428,MUKANDLTD,EQ,671022,319869,47.67
20,1429,MUNJALAU,EQ,495268,240826,48.63
20,1430,MUNJALSHOW,EQ,140910,72376,51.36
20,1431,MUTHOOTCAP,EQ,45390,22282,49.09
20,1432,MUTHOOTFIN,EQ,385614,131895,34.20
20,1433,MUTHOOTMF,EQ,586376,330884,56.43
20,1434,MVGJL,EQ,83545,41606,49.80
20,1435,MWL,SM,248400,172800,69.57
20,1436,NACLIND,EQ,576108,341449,59.27
20,1437,NAGAFERT,EQ,13807659,6854659,49.64
20,1438,NAHARCAP,EQ,31154,15021,48.22
20,1439,NAHARINDUS,EQ,35341,18807,53.22
20,1440,NAHARPOLY,EQ,15261,7351,48.17
20,1441,NAHARSPING,EQ,47259,21236,44.94
20,1442,NAM-INDIA,EQ,1269708,547566,43.13
20,1443,NARMADA,EQ,71263,51084,71.68
20,1444,NATCOPHARM,EQ,975916,445085,45.61
20,1445,NATHBIOGEN,EQ,42279,22372,52.92
20,1446,NATIONALUM,EQ,51857420,11695184,22.55
20,1447,NAUKRI,EQ,287607,194587,67.66
20,1448,NAVA,EQ,1020906,396559,38.84
20,1449,NAVIFIN,N0,117,117,100.00
20,1450,NAVIFIN,N3,4,4,100.00
20,1451,NAVIFIN,N5,109,109,100.00
20,1452,NAVIFIN,N7,264,264,100.00
20,1453,NAVINFLUOR,EQ,90311,20694,22.91
20,1454,NAVINIFTY,EQ,1250,690,55.20
20,1455,NAVKARCORP,EQ,986700,539970,54.72
20,1456,NAVNETEDUL,EQ,265942,171397,64.45
20,1457,NAZARA,EQ,152431,63078,41.38
20,1458,NBCC,EQ,13866797,5814787,41.93
20,1459,NBIFIN,EQ,837,737,88.05
20,1460,NCC,EQ,2560716,904224,35.31
20,1461,NCLIND,EQ,638594,322342,50.48
20,1462,NDLVENTURE,EQ,8899,6799,76.40
20,1463,NDTV,EQ,861663,261487,30.35
20,1464,NECLIFE,EQ,3577551,1371981,38.35
20,1465,NELCAST,EQ,637240,204984,32.17
20,1466,NELCO,EQ,67792,30944,45.65
20,1467,NEOGEN,EQ,34789,19258,55.36
20,1468,NESCO,EQ,85571,40466,47.29
20,1469,NESTLEIND,EQ,141577,62142,43.89
20,1470,NETF,EQ,1391,830,59.67
20,1471,NETWEB,EQ,63310,30818,48.68
20,1472,NETWORK18,EQ,4846393,1562554,32.24
20,1473,NEULANDLAB,EQ,59950,28680,47.84
20,1474,NEWJAISA,SM,48000,45000,93.75
20,1475,NEXT50,EQ,4953,4746,95.82
20,1476,NEXT50IETF,EQ,506268,343496,67.85
20,1477,NFL,EQ,47263843,9003207,19.05
20,1478,NGIL,EQ,53109,33899,63.83
20,1479,NGLFINE,EQ,5499,2416,43.94
20,1480,NH,EQ,153930,74134,48.16
20,1481,NHAI,N2,268,268,100.00
20,1482,NHAI,N4,113,113,100.00
20,1483,NHAI,N6,1409,1400,99.36
20,1484,NHAI,N8,10,10,100.00
20,1485,NHAI,NA,26,26,100.00
20,1486,NHAI,NC,2,2,100.00
20,1487,NHAI,NE,1062,1062,100.00
20,1488,NHBTF2014,N6,659,231,35.05
20,1489,NHIT,N1,2771,2720,98.16
20,1490,NHIT,N2,1100,1096,99.64
20,1491,NHIT,N3,480,480,100.00
20,1492,NHPC,EQ,41210903,16049049,38.94
20,1493,NHPC,N2,466,466,100.00
20,1494,NHPC,N3,344,344,100.00
20,1495,NHPC,N6,625,600,96.00
20,1496,NIACL,EQ,1222196,452525,37.03
20,1497,NIDAN,SM,23000,23000,100.00
20,1498,NIDO,N6,376,376,100.00
20,1499,NIF100BEES,EQ,15370,11309,73.58
20,1500,NIF100IETF,EQ,7050,5395,76.52
20,1501,NIFMID150,EQ,1222,784,64.16
20,1502,NIFTYBEES,EQ,2724450,1622009,59.54
20,1503,NIFTYETF,EQ,66287,63068,95.14
20,1504,NIFTYIETF,EQ,130089,94496,72.64
20,1505,NIFTYQLITY,EQ,77714,39761,51.16
20,1506,NIITLTD,EQ,421903,195511,46.34
20,1507,NIITMTS,EQ,310708,147089,47.34
20,1508,NILAINFRA,EQ,1494355,894823,59.88
20,1509,NILKAMAL,EQ,2311,1163,50.32
20,1510,NINSYS,EQ,12224,7312,59.82
20,1511,NIPPOBATRY,EQ,11160,4855,43.50
20,1512,NIRAJ,EQ,47132,29149,61.85
20,1513,NIRMAN,SM,9000,7800,86.67
20,1514,NITINSPIN,EQ,95781,41024,42.83
20,1515,NLCINDIA,EQ,6151198,2624571,42.67
20,1516,NMDC,EQ,35438178,10302165,29.07
20,1517,NOCIL,EQ,4616512,1804083,39.08
20,1518,NPBET,EQ,2188,1890,86.38
20,1519,NPST,ST,5500,4800,87.27
20,1520,NRAIL,EQ,46193,30468,65.96
20,1521,NRBBEARING,EQ,802502,254771,31.75
20,1522,NRL,EQ,33078,23438,70.86
20,1523,NSIL,EQ,2943,1114,37.85
20,1524,NSLNISP,EQ,8135898,3558169,43.73
20,1525,NTPC,EQ,13506040,7501017,55.54
20,1526,NTPC,N3,215,215,100.00
20,1527,NTPC,N5,140,140,100.00
20,1528,NTPC,N7,41067,33612,81.85
20,1529,NTPC,NC,205,205,100.00
20,1530,NURECA,EQ,80645,36255,44.96
20,1531,NUVAMA,EQ,30070,17607,58.55
20,1532,NUVOCO,EQ,253608,130963,51.64
20,1533,NV20BEES,EQ,46287,24566,53.07
20,1534,NV20IETF,EQ,74993,35005,46.68
20,1535,NXST,RR,92539,66252,71.59
20,1536,NYKAA,EQ,3711343,2046957,55.15
20,1537,OAL,EQ,61735,28382,45.97
20,1538,OBCL,EQ,47106,34249,72.71
20,1539,OBEROIRLTY,EQ,304154,88780,29.19
20,1540,OCCL,EQ,12318,6326,51.36
20,1541,OFSS,EQ,339737,107413,31.62
20,1542,OIL,EQ,4465413,1196860,26.80
20,1543,OILCOUNTUB,EQ,37315,37315,100.00
20,1544,OLECTRA,EQ,2143274,543573,25.36
20,1545,OLIL,SM,6000,6000,100.00
20,1546,OMAXAUTO,EQ,197759,149927,75.81
20,1547,OMAXE,EQ,112615,82714,73.45
20,1548,OMFURN,SM,57600,57600,100.00
20,1549,ONDOOR,SM,245400,145800,59.41
20,1550,ONEPOINT,EQ,1768805,873177,49.37
20,1551,ONGC,EQ,21141219,7129884,33.73
20,1552,ONMOBILE,EQ,1369507,564095,41.19
20,1553,ONWARDTEC,EQ,175333,90049,51.36
20,1554,OPTIEMUS,EQ,369661,144120,38.99
20,1555,ORBTEXP,EQ,10182,5006,49.17
20,1556,ORCHPHARMA,EQ,221028,83615,37.83
20,1557,ORIANA,SM,114000,76500,67.11
20,1558,ORICONENT,EQ,4545535,1888416,41.54
20,1559,ORIENTALTL,EQ,542764,323536,59.61
20,1560,ORIENTBELL,EQ,31864,18667,58.58
20,1561,ORIENTCEM,EQ,3031065,1334450,44.03
20,1562,ORIENTCER,EQ,433947,260684,60.07
20,1563,ORIENTELEC,EQ,384084,228965,59.61
20,1564,ORIENTHOT,EQ,1143437,516505,45.17
20,1565,ORIENTLTD,EQ,69974,29345,41.94
20,1566,ORIENTPPR,EQ,1205215,452650,37.56
20,1567,ORISSAMINE,EQ,16007,5703,35.63
20,1568,ORTINLAB,EQ,60021,46220,77.01
20,1569,OSIAHYPER,EQ,2561463,723960,28.26
20,1570,OSWALAGRO,EQ,1277199,664064,51.99
20,1571,OSWALGREEN,EQ,3227474,1357704,42.07
20,1572,OSWALSEEDS,EQ,67338,43697,64.89
20,1573,PAGEIND,EQ,27375,13450,49.13
20,1574,PAISALO,EQ,1022933,681160,66.59
20,1575,PAKKA,EQ,289569,150888,52.11
20,1576,PALREDTEC,EQ,105916,54506,51.46
20,1577,PANACEABIO,EQ,511772,224153,43.80
20,1578,PANACHE,EQ,6032,4766,79.01
20,1579,PANAMAPET,EQ,165224,78612,47.58
20,1580,PANSARI,EQ,10705,3939,36.80
20,1581,PAR,EQ,18673,13538,72.50
20,1582,PARACABLES,EQ,802794,527462,65.70
20,1583,PARADEEP,EQ,34424246,12381110,35.97
20,1584,PARAGMILK,EQ,487732,240385,49.29
20,1585,PARAGON,SM,99600,69600,69.88
20,1586,PARAS,EQ,814541,281931,34.61
20,1587,PARIN,SM,26000,26000,100.00
20,1588,PARTYCRUS,SM,46000,36000,78.26
20,1589,PASUPTAC,EQ,109895,61447,55.91
20,1590,PATANJALI,EQ,300649,148426,49.37
20,1591,PATELENG,EQ,6525262,2895614,44.38
20,1592,PATINTLOG,EQ,991193,512290,51.68
20,1593,PAVNAIND,EQ,1221,612,50.12
20,1594,PAYTM,EQ,3129266,1558134,49.79
20,1595,PCBL,EQ,1733874,621876,35.87
20,1596,PCHFL,N6,1000,1000,100.00
20,1597,PCHFL,NA,70,70,100.00
20,1598,PCJEWELLER,EQ,33298237,8982233,26.98
20,1599,PDMJEPAPER,EQ,328305,147080,44.80
20,1600,PDSL,EQ,2085188,1565134,75.06
20,1601,PEARLPOLY,EQ,91868,50056,54.49
20,1602,PEL,EQ,1027809,297855,28.98
20,1603,PEL,N0,11,11,100.00
20,1604,PEL,N2,114,114,100.00
20,1605,PEL,N3,590,590,100.00
20,1606,PENIND,EQ,908962,342691,37.70
20,1607,PENINLAND,EQ,1701652,938234,55.14
20,1608,PENTAGON,SM,12000,11000,91.67
20,1609,PERFECT,SM,102000,90000,88.24
20,1610,PERSISTENT,EQ,195144,61909,31.72
20,1611,PETRONET,EQ,4779931,1920426,40.18
20,1612,PFC,EQ,11799148,3292159,27.90
20,1613,PFC,N5,596,480,80.54
20,1614,PFC,N8,400,400,100.00
20,1615,PFIZER,EQ,13380,6914,51.67
20,1616,PFOCUS,EQ,229908,108655,47.26
20,1617,PFS,EQ,3865572,1806002,46.72
20,1618,PGEL,EQ,61235,32632,53.29
20,1619,PGHH,EQ,3836,1664,43.38
20,1620,PGHL,EQ,5623,3003,53.41
20,1621,PGINVIT,IV,2104396,1857395,88.26
20,1622,PHANTOMFX,SM,172200,132600,77.00
20,1623,PHARMABEES,EQ,7837946,4133668,52.74
20,1624,PHOENIXLTD,EQ,124152,61675,49.68
20,1625,PIDILITIND,EQ,267832,141892,52.98
20,1626,PIGL,EQ,124529,78891,63.35
20,1627,PIIND,EQ,229908,108071,47.01
20,1628,PILANIINVS,EQ,5136,3545,69.02
20,1629,PILITA,EQ,1583731,900422,56.85
20,1630,PITTIENG,EQ,105969,54795,51.71
20,1631,PIXTRANS,EQ,12259,4590,37.44
20,1632,PLADAINFO,SM,153000,123000,80.39
20,1633,PLASTIBLEN,EQ,275329,130909,47.55
20,1634,PNB,EQ,50741670,14415637,28.41
20,1635,PNBGILTS,EQ,2600423,667509,25.67
20,1636,PNBHOUSING,EQ,223333,129382,57.93
20,1637,PNC,EQ,45153,25160,55.72
20,1638,PNCINFRA,EQ,221019,102056,46.18
20,1639,POCL,EQ,111512,66825,59.93
20,1640,PODDARMENT,EQ,54944,38572,70.20
20,1641,POKARNA,EQ,65395,26018,39.79
20,1642,POLICYBZR,EQ,854345,470227,55.04
20,1643,POLYCAB,EQ,281635,127456,45.26
20,1644,POLYMED,EQ,53891,26683,49.51
20,1645,POLYPLEX,EQ,472924,204202,43.18
20,1646,PONNIERODE,EQ,21754,10788,49.59
20,1647,POONAWALLA,EQ,720168,340587,47.29
20,1648,POWERGRID,EQ,9128513,5081889,55.67
20,1649,POWERINDIA,EQ,23372,9768,41.79
20,1650,POWERMECH,EQ,62243,30069,48.31
20,1651,PPAP,EQ,28265,16310,57.70
20,1652,PPL,EQ,78005,44323,56.82
20,1653,PPLPHARMA,EQ,12577983,4197479,33.37
20,1654,PRAJIND,EQ,797897,411832,51.61
20,1655,PRAKASHSTL,EQ,3865029,2617317,67.72
20,1656,PRAMARA,SM,26000,22000,84.62
20,1657,PRECAM,EQ,231384,85148,36.80
20,1658,PRECISION,SM,12000,12000,100.00
20,1659,PRECOT,EQ,49241,33138,67.30
20,1660,PRECWIRE,EQ,246537,134029,54.36
20,1661,PREMEXPLN,EQ,31144,18657,59.91
20,1662,PRESSTONIC,SM,691200,382400,55.32
20,1663,PRESTIGE,EQ,547303,310274,56.69
20,1664,PRICOLLTD,EQ,302465,144631,47.82
20,1665,PRIMESECU,EQ,195933,160455,81.89
20,1666,PRINCEPIPE,EQ,203936,133433,65.43
20,1667,PRITIKA,SM,10000,8000,80.00
20,1668,PRITIKAUTO,EQ,594296,321756,54.14
20,1669,PRIVISCL,EQ,23994,10921,45.52
20,1670,PROLIFE,SM,4000,4000,100.00
20,1671,PROPEQUITY,SM,9000,8400,93.33
20,1672,PROV,SM,1760,1440,81.82
20,1673,PROZONER,EQ,763745,349110,45.71
20,1674,PRSMJOHNSN,EQ,202407,77666,38.37
20,1675,PRUDENT,EQ,10267,4947,48.18
20,1676,PSB,EQ,2532584,757310,29.90
20,1677,PSPPROJECT,EQ,69657,40205,57.72
20,1678,PSUBNKBEES,EQ,2217249,1059093,47.77
20,1679,PSUBNKIETF,EQ,586227,120792,20.60
20,1680,PTC,EQ,3750923,1895362,50.53
20,1681,PTCIL,EQ,72808,27531,37.81
20,1682,PTL,EQ,799952,362941,45.37
20,1683,PULZ,SM,10000,4000,40.00
20,1684,PUNJABCHEM,EQ,7329,3336,45.52
20,1685,PURVA,EQ,643711,305151,47.40
20,1686,PVRINOX,EQ,369868,133595,36.12
20,1687,PVTBANIETF,EQ,38744,31785,82.04
20,1688,PYRAMID,EQ,107892,55778,51.70
20,1689,QFIL,SM,4000,4000,100.00
20,1690,QGOLDHALF,EQ,29872,18903,63.28
20,1691,QMSMEDI,SM,21000,15000,71.43
20,1692,QNIFTY,EQ,244,158,64.75
20,1693,QUADPRO,SM,48000,36000,75.00
20,1694,QUAL30IETF,EQ,7367,6669,90.53
20,1695,QUESS,EQ,693766,240920,34.73
20,1696,QUICKHEAL,EQ,182068,78038,42.86
20,1697,QUICKTOUCH,SM,68500,31500,45.99
20,1698,RACE,EQ,4806,2497,51.96
20,1699,RADAAN,EQ,46889,46872,99.96
20,1700,RADHIKAJWE,EQ,834552,402740,48.26
20,1701,RADIANTCMS,EQ,189139,93507,49.44
20,1702,RADICO,EQ,130216,54321,41.72
20,1703,RADIOCITY,EQ,2351851,579528,24.64
20,1704,RADIOCITY,P1,691,661,95.66
20,1705,RAILTEL,EQ,12587553,2140759,17.01
20,1706,RAIN,EQ,2367312,1261803,53.30
20,1707,RAINBOW,EQ,150464,58092,38.61
20,1708,RAJESHEXPO,EQ,717289,305782,42.63
20,1709,RAJMET,EQ,29948328,15298573,51.08
20,1710,RAJRATAN,EQ,70662,34146,48.32
20,1711,RAJSREESUG,EQ,2950617,1092106,37.01
20,1712,RAJTV,EQ,74672,59622,79.85
20,1713,RALLIS,EQ,6089320,1482421,24.34
20,1714,RAMANEWS,EQ,2746516,1215580,44.26
20,1715,RAMAPHO,EQ,148352,78090,52.64
20,1716,RAMASTEEL,EQ,8236316,3131200,38.02
20,1717,RAMCOCEM,EQ,464522,191998,41.33
20,1718,RAMCOIND,EQ,180213,91641,50.85
20,1719,RAMCOSYS,EQ,71871,35685,49.65
20,1720,RAMKY,EQ,159614,79899,50.06
20,1721,RAMRAT,EQ,45777,23170,50.61
20,1722,RANASUG,EQ,995559,517226,51.95
20,1723,RANEENGINE,EQ,3167,1902,60.06
20,1724,RANEHOLDIN,EQ,14206,6432,45.28
20,1725,RATEGAIN,EQ,415498,161891,38.96
20,1726,RATNAMANI,EQ,30626,13252,43.27
20,1727,RATNAVEER,EQ,987129,470039,47.62
20,1728,RAYMOND,EQ,108711,44610,41.04
20,1729,RBA,EQ,1611432,835319,51.84
20,1730,RBL,EQ,58822,24521,41.69
20,1731,RBLBANK,EQ,14347750,4660830,32.48
20,1732,RBMINFRA,SM,70000,33000,47.14
20,1733,RCDL,SM,15000,15000,100.00
20,1734,RCF,EQ,27441070,6612354,24.10
20,1735,RECLTD,EQ,11435302,3102546,27.13
20,1736,RECLTD,N7,1,1,100.00
20,1737,RECLTD,N9,3119,1759,56.40
20,1738,RECLTD,NA,14,14,100.00
20,1739,RECLTD,NE,150,150,100.00
20,1740,RECLTD,NF,100,100,100.00
20,1741,REDINGTON,EQ,1086891,571604,52.59
20,1742,REDTAPE,EQ,357861,186800,52.20
20,1743,REFEX,EQ,123296,77342,62.73
20,1744,RELAXO,EQ,71939,42709,59.37
20,1745,RELIANCE,EQ,3724400,2059678,55.30
20,1746,RELIGARE,EQ,1029346,615335,59.78
20,1747,RELINFRA,EQ,2939918,1240176,42.18
20,1748,REMUS,SM,425,375,88.24
20,1749,RENUKA,EQ,6116139,2802115,45.82
20,1750,REPCOHOME,EQ,229886,126505,55.03
20,1751,REPL,EQ,22486,15085,67.09
20,1752,REPRO,EQ,7524,3388,45.03
20,1753,RESPONIND,EQ,107048,68225,63.73
20,1754,RGL,EQ,76949,42718,55.51
20,1755,RHIM,EQ,89828,42507,47.32
20,1756,RHL,EQ,12704,7045,55.45
20,1757,RICHA,SM,3000,2000,66.67
20,1758,RICOAUTO,EQ,1166418,654782,56.14
20,1759,RIIL,EQ,1099367,171824,15.63
20,1760,RILINFRA,SM,66300,63700,96.08
20,1761,RISHABH,EQ,125753,59340,47.19
20,1762,RITCO,EQ,19796,10250,51.78
20,1763,RITES,EQ,662635,246430,37.19
20,1764,RKEC,EQ,72947,31925,43.76
20,1765,RKFORGE,EQ,188120,119652,63.60
20,1766,RMDRIP,SM,4000,4000,100.00
20,1767,RML,EQ,9684,4665,48.17
20,1768,ROCKINGDCE,SM,62000,41000,66.13
20,1769,ROHLTD,EQ,496491,128780,25.94
20,1770,ROLEXRINGS,EQ,10762,5329,49.52
20,1771,ROML,EQ,4689,2377,50.69
20,1772,ROSSARI,EQ,62879,21882,34.80
20,1773,ROSSELLIND,EQ,46978,21094,44.90
20,1774,ROTO,EQ,90335,39331,43.54
20,1775,ROUTE,EQ,811967,262339,32.31
20,1776,ROXHITECH,SM,113600,83200,73.24
20,1777,RPGLIFE,EQ,19424,8778,45.19
20,1778,RPOWER,EQ,148872594,28314126,19.02
20,1779,RPPL,EQ,62582,40391,64.54
20,1780,RPSGVENT,EQ,130320,70249,53.91
20,1781,RRKABEL,EQ,259832,157759,60.72
20,1782,RSSOFTWARE,EQ,30849,21212,68.76
20,1783,RSWM,EQ,157451,71889,45.66
20,1784,RSYSTEMS,EQ,42416,19492,45.95
20,1785,RTNINDIA,EQ,3414673,1025926,30.04
20,1786,RTNPOWER,EQ,86042596,28786810,33.46
20,1787,RUBYMILLS,EQ,12370,6889,55.69
20,1788,RUCHIRA,EQ,100029,53977,53.96
20,1789,RUPA,EQ,203011,77801,38.32
20,1790,RUSHIL,EQ,277904,125395,45.12
20,1791,RUSTOMJEE,EQ,122604,59773,48.75
20,1792,RVHL,EQ,108281,66282,61.21
20,1793,RVNL,EQ,7909774,2952019,37.32
20,1794,SAAKSHI,SM,68400,56400,82.46
20,1795,SABAR,SM,25000,20000,80.00
20,1796,SADHNANIQ,EQ,1241631,661356,53.27
20,1797,SAFARI,EQ,148508,74873,50.42
20,1798,SAGARDEEP,EQ,955217,254192,26.61
20,1799,SAGCEM,EQ,2469270,525931,21.30
20,1800,SAH,EQ,208535,119991,57.54
20,1801,SAHAJ,SM,4000,4000,100.00
20,1802,SAHANA,SM,127000,71500,56.30
20,1803,SAHYADRI,EQ,17979,9153,50.91
20,1804,SAIFL,ST,112000,112000,100.00
20,1805,SAIL,EQ,38718627,9613783,24.83
20,1806,SAKAR,EQ,12188,5871,48.17
20,1807,SAKHTISUG,EQ,336227,131750,39.18
20,1808,SAKUMA,EQ,1982390,1322205,66.70
20,1809,SALASAR,EQ,1479822,945010,63.86
20,1810,SALONA,EQ,779,494,63.41
20,1811,SALZERELEC,EQ,232871,80988,34.78
20,1812,SAMHI,EQ,609276,307501,50.47
20,1813,SAMPANN,EQ,22907,22907,100.00
20,1814,SANDESH,EQ,27676,12311,44.48
20,1815,SANDHAR,EQ,49290,27160,55.10
20,1816,SANDUMA,EQ,72987,38651,52.96
20,1817,SANGAMIND,EQ,35685,20411,57.20
20,1818,SANGANI,SM,3000,3000,100.00
20,1819,SANGHIIND,EQ,250062,132425,52.96
20,1820,SANGHVIMOV,EQ,84515,34098,40.35
20,1821,SANGINITA,EQ,2489920,1086408,43.63
20,1822,SANOFI,EQ,17412,10663,61.24
20,1823,SANSERA,EQ,149119,88013,59.02
20,1824,SAPPHIRE,EQ,13864,5653,40.77
20,1825,SARDAEN,EQ,287102,125841,43.83
20,1826,SAREGAMA,EQ,255859,131784,51.51
20,1827,SARLAPOLY,EQ,275105,155181,56.41
20,1828,SAROJA,SM,12800,11200,87.50
20,1829,SARTELE,SM,64000,44000,68.75
20,1830,SARVESHWAR,EQ,16306126,13439614,82.42
20,1831,SASKEN,EQ,44604,20052,44.96
20,1832,SASTASUNDR,EQ,431668,112816,26.13
20,1833,SATIA,EQ,896974,390539,43.54
20,1834,SATIN,EQ,7239178,1934469,26.72
20,1835,SATINDLTD,EQ,2504056,1113618,44.47
20,1836,SBC,EQ,988720,629183,63.64
20,1837,SBCL,EQ,406682,169497,41.68
20,1838,SBFC,EQ,1133999,672705,59.32
20,1839,SBGLP,EQ,43154,5600,12.98
20,1840,SBICARD,EQ,1493730,702892,47.06
20,1841,SBIETFCON,EQ,12832,8670,67.57
20,1842,SBIETFIT,EQ,10442,8986,86.06
20,1843,SBIETFPB,EQ,7023,3903,55.57
20,1844,SBIETFQLTY,EQ,2878,2022,70.26
20,1845,SBILIFE,EQ,691712,219959,31.80
20,1846,SBIN,EQ,15164482,5763498,38.01
20,1847,SCHAEFFLER,EQ,26219,13265,50.59
20,1848,SCHAND,EQ,64024,29850,46.62
20,1849,SCHNEIDER,EQ,204156,121186,59.36
20,1850,SCI,EQ,20579003,6640820,32.27
20,1851,SCML,SM,30000,22000,73.33
20,1852,SCPL,EQ,68950,41514,60.21
20,1853,SDBL,EQ,190078,139971,73.64
20,1854,SDL24BEES,EQ,1531,623,40.69
20,1855,SDL26BEES,EQ,4997,4729,94.64
20,1856,SEAMECLTD,EQ,155651,79062,50.79
20,1857,SECL,SM,81250,81250,100.00
20,1858,SECMARK,EQ,47955,26961,56.22
20,1859,SECURCRED,EQ,2586825,1315413,50.85
20,1860,SECURKLOUD,EQ,374247,166056,44.37
20,1861,SEL,SM,8800,8800,100.00
20,1862,SELAN,EQ,33883,12629,37.27
20,1863,SENCO,EQ,183058,75354,41.16
20,1864,SENSEXETF,EQ,11829,5974,50.50
20,1865,SENSEXIETF,EQ,3405,1958,57.50
20,1866,SEPC,EQ,22945895,10258789,44.71
20,1867,SEQUENT,EQ,9167723,1638060,17.87
20,1868,SERVICE,SM,26000,22000,84.62
20,1869,SESHAPAPER,EQ,57688,21879,37.93
20,1870,SETF10GILT,EQ,1124,1075,95.64
20,1871,SETFGOLD,EQ,716968,605200,84.41
20,1872,SETFNIF50,EQ,466042,365734,78.48
20,1873,SETFNIFBK,EQ,81485,58879,72.26
20,1874,SETFNN50,EQ,12288,6974,56.75
20,1875,SFL,EQ,50750,21606,42.57
20,1876,SGBAPR28I,GB,89,76,85.39
20,1877,SGBAUG24,GB,69,51,73.91
20,1878,SGBAUG27,GB,65,65,100.00
20,1879,SGBAUG28V,GB,887,779,87.82
20,1880,SGBAUG29V,GB,582,460,79.04
20,1881,SGBAUG30,GB,483,445,92.13
20,1882,SGBD29VIII,GB,120,120,100.00
20,1883,SGBDC27VII,GB,22,22,100.00
20,1884,SGBDE30III,GB,449,294,65.48
20,1885,SGBFEB24,GB,5,5,100.00
20,1886,SGBFEB27,GB,2,2,100.00
20,1887,SGBFEB29XI,GB,20,20,100.00
20,1888,SGBJ28VIII,GB,47,47,100.00
20,1889,SGBJAN27,GB,25,20,80.00
20,1890,SGBJAN29IX,GB,102,102,100.00
20,1891,SGBJAN29X,GB,50,45,90.00
20,1892,SGBJAN30IX,GB,890,886,99.55
20,1893,SGBJU29III,GB,165,129,78.18
20,1894,SGBJUL25,GB,66,60,90.91
20,1895,SGBJUL27,GB,2,2,100.00
20,1896,SGBJUL28IV,GB,185,148,80.00
20,1897,SGBJUL29IV,GB,60,52,86.67
20,1898,SGBJUN27,GB,25,25,100.00
20,1899,SGBJUN28,GB,275,244,88.73
20,1900,SGBJUN29II,GB,71,71,100.00
20,1901,SGBJUN30,GB,316,316,100.00
20,1902,SGBJUN31I,GB,1769,1646,93.05
20,1903,SGBMAR24,GB,5,5,100.00
20,1904,SGBMAR25,GB,163,112,68.71
20,1905,SGBMAR28X,GB,42,37,88.10
20,1906,SGBMAR30X,GB,128,72,56.25
20,1907,SGBMAR31IV,GB,566,341,60.25
20,1908,SGBMAY25,GB,65,57,87.69
20,1909,SGBMAY26,GB,17,17,100.00
20,1910,SGBMAY28,GB,619,466,75.28
20,1911,SGBMAY29I,GB,593,471,79.43
20,1912,SGBMR29XII,GB,93,72,77.42
20,1913,SGBN28VIII,GB,245,226,92.24
20,1914,SGBNOV24,GB,146,105,71.92
20,1915,SGBNV29VII,GB,264,234,88.64
20,1916,SGBOC28VII,GB,259,235,90.73
20,1917,SGBOCT25,GB,25,25,100.00
20,1918,SGBOCT25IV,GB,23,22,95.65
20,1919,SGBOCT26,GB,34,34,100.00
20,1920,SGBOCT27,GB,5,5,100.00
20,1921,SGBOCT27VI,GB,59,59,100.00
20,1922,SGBSEP24,GB,236,133,56.36
20,1923,SGBSEP27,GB,130,100,76.92
20,1924,SGBSEP28VI,GB,452,372,82.30
20,1925,SGBSEP29VI,GB,621,532,85.67
20,1926,SGBSEP31II,GB,2103,1620,77.03
20,1927,SGIL,EQ,23483,15297,65.14
20,1928,SGL,EQ,67666,52888,78.16
20,1929,SHAHALLOYS,EQ,21981,18249,83.02
20,1930,SHAILY,EQ,16812,10690,63.59
20,1931,SHAKTIPUMP,EQ,57408,32365,56.38
20,1932,SHALBY,EQ,184853,79200,42.84
20,1933,SHALPAINTS,EQ,314029,128238,40.84
20,1934,SHANKARA,EQ,203459,106325,52.26
20,1935,SHANTHALA,SM,25200,19200,76.19
20,1936,SHANTI,EQ,10184,9946,97.66
20,1937,SHANTIGEAR,EQ,331011,81984,24.77
20,1938,SHARDACROP,EQ,149206,63344,42.45
20,1939,SHARDAMOTR,EQ,33241,16222,48.80
20,1940,SHAREINDIA,EQ,77122,35455,45.97
20,1941,SHAREINDIA,W1,321,321,100.00
20,1942,SHARIABEES,EQ,1660,1281,77.17
20,1943,SHEETAL,SM,74000,34000,45.95
20,1944,SHEMAROO,EQ,65024,35156,54.07
20,1945,SHERA,SM,172000,143000,83.14
20,1946,SHIGAN,SM,78000,69000,88.46
20,1947,SHILPAMED,EQ,680303,254573,37.42
20,1948,SHIVALIK,EQ,26837,17017,63.41
20,1949,SHIVAMILLS,EQ,43704,14338,32.81
20,1950,SHIVATEX,EQ,27964,20773,74.28
20,1951,SHK,EQ,6128260,2423550,39.55
20,1952,SHOPERSTOP,EQ,161254,145821,90.43
20,1953,SHREDIGCEM,EQ,2139011,857065,40.07
20,1954,SHREECEM,EQ,16850,5862,34.79
20,1955,SHREEOSFM,ST,230000,222000,96.52
20,1956,SHREEPUSHK,EQ,107096,62490,58.35
20,1957,SHREYAS,EQ,83676,37625,44.97
20,1958,SHRIPISTON,EQ,638981,282959,44.28
20,1959,SHRIRAMFIN,EQ,1077927,632089,58.64
20,1960,SHRIRAMFIN,YI,108,108,100.00
20,1961,SHRIRAMFIN,YS,1000,1000,100.00
20,1962,SHRIRAMFIN,YV,425,425,100.00
20,1963,SHRIRAMFIN,YW,455,455,100.00
20,1964,SHRIRAMFIN,YY,711,710,99.86
20,1965,SHRIRAMFIN,YZ,212,212,100.00
20,1966,SHRIRAMFIN,Z2,1249,1249,100.00
20,1967,SHRIRAMFIN,Z4,5,5,100.00
20,1968,SHRIRAMFIN,ZF,346,346,100.00
20,1969,SHRIRAMPPS,EQ,4896559,1823425,37.24
20,1970,SHRITECH,SM,104000,86000,82.69
20,1971,SHUBHLAXMI,SM,11000,9000,81.82
20,1972,SHYAMCENT,EQ,611738,354662,57.98
20,1973,SHYAMMETL,EQ,2557701,1374286,53.73
20,1974,SHYAMTEL,EQ,2898,2811,97.00
20,1975,SIEMENS,EQ,210466,83442,39.65
20,1976,SIGACHI,EQ,19656699,7799979,39.68
20,1977,SIGMA,EQ,28104,16837,59.91
20,1978,SIGNATURE,EQ,196884,73629,37.40
20,1979,SILGO,EQ,26888,20287,75.45
20,1980,SILINV,EQ,3943,2621,66.47
20,1981,SILVER,EQ,32750,25263,77.14
20,1982,SILVERBEES,EQ,1613569,1135937,70.40
20,1983,SILVERETF,EQ,66780,30139,45.13
20,1984,SILVERIETF,EQ,129704,96675,74.54
20,1985,SILVERTUC,EQ,11129,8340,74.94
20,1986,SILVRETF,EQ,3073,3065,99.74
20,1987,SIMBHALS,EQ,343761,207928,60.49
20,1988,SINDHUTRAD,EQ,5583174,2104459,37.69
20,1989,SINTERCOM,EQ,2901,2380,82.04
20,1990,SIRCA,EQ,138599,75592,54.54
20,1991,SIS,EQ,158829,77356,48.70
20,1992,SIYSIL,EQ,51795,23850,46.05
20,1993,SJLOGISTIC,ST,217000,202000,93.09
20,1994,SJS,EQ,132251,73729,55.75
20,1995,SJVN,EQ,29129762,10516376,36.10
20,1996,SKFINDIA,EQ,35176,25755,73.22
20,1997,SKIPPER,EQ,397387,179170,45.09
20,1998,SKMEGGPROD,EQ,572311,353352,61.74
20,1999,SKP,SM,30500,23500,77.05
20,2000,SKYGOLD,EQ,51712,24681,47.73
20,2001,SMARTLINK,EQ,30147,17203,57.06
20,2002,SMCGLOBAL,EQ,157628,76687,48.65
20,2003,SMLISUZU,EQ,36324,15000,41.30
20,2004,SMLT,EQ,26984,14648,54.28
20,2005,SMSLIFE,EQ,9550,7023,73.54
20,2006,SMSPHARMA,EQ,1008167,555695,55.12
20,2007,SNOWMAN,EQ,3032196,758123,25.00
20,2008,SOBHA,EQ,631790,327976,51.91
20,2009,SOLARA,EQ,3414998,654029,19.15
20,2010,SOLARINDS,EQ,73311,37891,51.69
20,2011,SOLEX,SM,81200,55800,68.72
20,2012,SOMANYCERA,EQ,20896,9203,44.04
20,2013,SONACOMS,EQ,1783141,693435,38.89
20,2014,SONATSOFTW,EQ,447140,244202,54.61
20,2015,SONUINFRA,SM,129000,111000,86.05
20,2016,SOTAC,SM,4800,4800,100.00
20,2017,SOTL,EQ,46663,22817,48.90
20,2018,SOUTHBANK,EQ,39801891,13484214,33.88
20,2019,SPAL,EQ,46077,22084,47.93
20,2020,SPANDANA,EQ,126026,61006,48.41
20,2021,SPARC,EQ,18403129,2388715,12.98
20,2022,SPCENET,EQ,4356242,1867448,42.87
20,2023,SPECIALITY,EQ,78765,37506,47.62
20,2024,SPECTRUM,SM,1500,1125,75.00
20,2025,SPECTSTM,SM,21600,16000,74.07
20,2026,SPENCERS,EQ,444730,251385,56.53
20,2027,SPIC,EQ,10959887,3207016,29.26
20,2028,SPLIL,EQ,66687,35130,52.68
20,2029,SPLPETRO,EQ,53624,32322,60.28
20,2030,SPORTKING,EQ,18409,10807,58.70
20,2031,SPRL,ST,3200,3200,100.00
20,2032,SREEL,EQ,183152,70744,38.63
20,2033,SRF,EQ,602156,243938,40.51
20,2034,SRGHFL,EQ,3920,3021,77.07
20,2035,SRHHYPOLTD,EQ,27184,13017,47.88
20,2036,SRIVASAVI,SM,27000,23000,85.19
20,2037,SSFL,SM,26000,19000,73.08
20,2038,SSWL,EQ,222951,101800,45.66
20,2039,STAR,EQ,4664423,2449969,52.52
20,2040,STARCEMENT,EQ,1188349,444843,37.43
20,2041,STARHEALTH,EQ,611964,447999,73.21
20,2042,STARPAPER,EQ,41049,20332,49.53
20,2043,STCINDIA,EQ,269539,87229,32.36
20,2044,STEELCAS,EQ,14616,7968,54.52
20,2045,STEELCITY,EQ,24561,15970,65.02
20,2046,STEELXIND,EQ,5585417,3169360,56.74
20,2047,STEL,EQ,20061,12579,62.70
20,2048,STERTOOLS,EQ,104481,48045,45.98
20,2049,STLTECH,EQ,1455737,644065,44.24
20,2050,STOVEKRAFT,EQ,138779,62539,45.06
20,2051,STYLAMIND,EQ,37005,20316,54.90
20,2052,STYRENIX,EQ,23984,15875,66.19
20,2053,SUBEXLTD,EQ,6903491,2957000,42.83
20,2054,SUBROS,EQ,2787584,598872,21.48
20,2055,SUDARSCHEM,EQ,142064,63579,44.75
20,2056,SUKHJITS,EQ,19548,11528,58.97
20,2057,SULA,EQ,620488,303298,48.88
20,2058,SUMICHEM,EQ,909272,442269,48.64
20,2059,SUMMITSEC,EQ,7562,3228,42.69
20,2060,SUNDARMFIN,EQ,16004,5996,37.47
20,2061,SUNDARMHLD,EQ,95015,48767,51.33
20,2062,SUNDRMBRAK,EQ,3652,2145,58.73
20,2063,SUNDRMFAST,EQ,212305,186437,87.82
20,2064,SUNFLAG,EQ,513436,189601,36.93
20,2065,SUNPHARMA,EQ,3174447,1387641,43.71
20,2066,SUNREST,SM,8000,6400,80.00
20,2067,SUNTECK,EQ,756943,461639,60.99
20,2068,SUNTV,EQ,539315,124600,23.10
20,2069,SUPERHOUSE,EQ,38903,19090,49.07
20,2070,SUPRAJIT,EQ,286699,124820,43.54
20,2071,SUPREMEIND,EQ,50198,26501,52.79
20,2072,SUPREMEPWR,ST,752000,664000,88.30
20,2073,SUPRIYA,EQ,1124852,386676,34.38
20,2074,SURAJEST,EQ,420665,161177,38.31
20,2075,SURANI,SM,12800,9200,71.88
20,2076,SURYALAXMI,EQ,26113,17040,65.25
20,2077,SURYAROSNI,EQ,1307946,449882,34.40
20,2078,SURYODAY,EQ,920581,522665,56.78
20,2079,SUTLEJTEX,EQ,442945,188072,42.46
20,2080,SUVEN,EQ,5528623,2530548,45.77
20,2081,SUVENPHAR,EQ,424799,252750,59.50
20,2082,SWANENERGY,EQ,2372316,842804,35.53
20,2083,SWARAJ,SM,18000,11000,61.11
20,2084,SWARAJENG,EQ,7855,3987,50.76
20,2085,SWASTIK,SM,15600,12000,76.92
20,2086,SWELECTES,EQ,334340,73996,22.13
20,2087,SWSOLAR,EQ,1455721,1017837,69.92
20,2088,SYMPHONY,EQ,554155,231950,41.86
20,2089,SYNCOMF,EQ,8000892,4212309,52.65
20,2090,SYNGENE,EQ,1508789,724246,48.00
20,2091,SYNOPTICS,SM,15600,13800,88.46
20,2092,SYRMA,EQ,282971,109016,38.53
20,2093,SYSTANGO,SM,36000,22000,61.11
20,2094,TAINWALCHM,EQ,35404,18966,53.57
20,2095,TAJGVK,EQ,644354,209044,32.44
20,2096,TAKE,EQ,386388,205771,53.26
20,2097,TANLA,EQ,942320,213062,22.61
20,2098,TAPIFRUIT,SM,1500,750,50.00
20,2099,TARACHAND,SM,38000,28000,73.68
20,2100,TARC,EQ,531480,287193,54.04
20,2101,TARMAT,EQ,408971,190976,46.70
20,2102,TARSONS,EQ,143603,51892,36.14
20,2103,TASTYBITE,EQ,54023,8669,16.05
20,2104,TATACAPHSG,N4,103,103,100.00
20,2105,TATACAPHSG,N6,330,200,60.61
20,2106,TATACAPHSG,N8,15,15,100.00
20,2107,TATACAPHSG,NA,76,76,100.00
20,2108,TATACAPHSG,NB,174,154,88.51
20,2109,TATACHEM,EQ,1578917,494691,31.33
20,2110,TATACOFFEE,EQ,655275,183877,28.06
20,2111,TATACOMM,EQ,400171,190104,47.51
20,2112,TATACONSUM,EQ,2635193,1393654,52.89
20,2113,TATAELXSI,EQ,47188,19632,41.60
20,2114,TATAINVEST,EQ,56638,20036,35.38
20,2115,TATAMETALI,EQ,143004,57921,40.50
20,2116,TATAMOTORS,EQ,13791090,4935200,35.79
20,2117,TATAMTRDVR,EQ,2246857,1171414,52.14
20,2118,TATAPOWER,EQ,15689859,4260766,27.16
20,2119,TATASTEEL,EQ,27764060,11228879,40.44
20,2120,TATATECH,EQ,720393,348134,48.33
20,2121,TATVA,EQ,28255,17190,60.84
20,2122,TBZ,EQ,344856,135687,39.35
20,2123,TCI,EQ,18906,7229,38.24
20,2124,TCIEXP,EQ,31859,16498,51.78
20,2125,TCNSBRANDS,EQ,885423,276929,31.28
20,2126,TCPLPACK,EQ,6749,2899,42.95
20,2127,TCS,EQ,1344068,928322,69.07
20,2128,TDPOWERSYS,EQ,220952,104442,47.27
20,2129,TEAMLEASE,EQ,90503,34271,37.87
20,2130,TECH,EQ,15869,11870,74.80
20,2131,TECHLABS,ST,84000,84000,100.00
20,2132,TECHM,EQ,1615064,955038,59.13
20,2133,TECHNOE,EQ,154934,59376,38.32
20,2134,TEGA,EQ,113390,50199,44.27
20,2135,TEJASNET,EQ,232960,103004,44.22
20,2136,TEMBO,EQ,39890,9936,24.91
20,2137,TERASOFT,EQ,73814,42536,57.63
20,2138,TEXINFRA,EQ,745158,265998,35.70
20,2139,TEXMOPIPES,EQ,93320,55821,59.82
20,2140,TEXRAIL,EQ,3167776,2005921,63.32
20,2141,TFCILTD,EQ,2690723,1417302,52.67
20,2142,THANGAMAYL,EQ,74414,47071,63.26
20,2143,THEINVEST,EQ,26337,15933,60.50
20,2144,THEJO,EQ,3802,2322,61.07
20,2145,THEMISMED,EQ,215182,75304,35.00
20,2146,THERMAX,EQ,36530,14651,40.11
20,2147,THOMASCOOK,EQ,4023662,2127780,52.88
20,2148,THYROCARE,EQ,108486,53976,49.75
20,2149,TI,EQ,405138,219834,54.26
20,2150,TIDEWATER,EQ,80437,42167,52.42
20,2151,TIIL,EQ,5736,2155,37.57
20,2152,TIINDIA,EQ,99399,64833,65.23
20,2153,TIJARIA,EQ,17652,11264,63.81
20,2154,TIMETECHNO,EQ,1973914,514399,26.06
20,2155,TIMKEN,EQ,21545,11542,53.57
20,2156,TINPLATE,EQ,743159,374054,50.33
20,2157,TIPSINDLTD,EQ,716103,227041,31.71
20,2158,TIRUMALCHM,EQ,2017395,788535,39.09
20,2159,TITAGARH,EQ,1016167,495336,48.75
20,2160,TITAN,EQ,453685,257275,56.71
20,2161,TMB,EQ,103034,64829,62.92
20,2162,TNIDETF,EQ,35774,25716,71.88
20,2163,TNPETRO,EQ,586007,249548,42.58
20,2164,TNPL,EQ,292140,151374,51.82
20,2165,TNTELE,EQ,73056,45035,61.64
20,2166,TOKYOPLAST,EQ,10855,6856,63.16
20,2167,TORNTPHARM,EQ,235455,102373,43.48
20,2168,TORNTPOWER,EQ,362520,132951,36.67
20,2169,TOTAL,EQ,22876,12473,54.52
20,2170,TPLPLASTEH,EQ,437582,189297,43.26
20,2171,TRACXN,EQ,2858352,1294190,45.28
20,2172,TRANSTEEL,SM,50000,42000,84.00
20,2173,TRANSWIND,SM,44000,36000,81.82
20,2174,TREEHOUSE,EQ,33513,22410,66.87
20,2175,TREL,EQ,670851,331952,49.48
20,2176,TRENT,EQ,408928,188926,46.20
20,2177,TRF,EQ,39460,19936,50.52
20,2178,TRIDENT,EQ,24691067,8231215,33.34
20,2179,TRIDHYA,SM,18000,18000,100.00
20,2180,TRIGYN,EQ,292311,113786,38.93
20,2181,TRIL,EQ,1278122,402121,31.46
20,2182,TRITURBINE,EQ,171802,60456,35.19
20,2183,TRIVENI,EQ,350186,146027,41.70
20,2184,TRU,EQ,2002624,1074263,53.64
20,2185,TTKHLTCARE,EQ,9469,5146,54.35
20,2186,TTKPRESTIG,EQ,54578,32908,60.30
20,2187,TTL,EQ,53680,27808,51.80
20,2188,TTML,EQ,3298817,1369740,41.52
20,2189,TV18BRDCST,EQ,18602853,6445762,34.65
20,2190,TVSELECT,EQ,39523,15314,38.75
20,2191,TVSHLTD,EQ,6890,4066,59.01
20,2192,TVSHLTD,P1,17567,17523,99.75
20,2193,TVSMOTOR,EQ,1407673,663445,47.13
20,2194,TVSSCS,EQ,802992,510051,63.52
20,2195,TVSSRICHAK,EQ,3927,1883,47.95
20,2196,TVTODAY,EQ,160747,78415,48.78
20,2197,UBL,EQ,286287,112921,39.44
20,2198,UCAL,EQ,23906,15496,64.82
20,2199,UCL,SM,4000,4000,100.00
20,2200,UCOBANK,EQ,11186544,2889068,25.83
20,2201,UDS,EQ,318811,143607,45.04
20,2202,UFLEX,EQ,161424,81070,50.22
20,2203,UFO,EQ,610136,347985,57.03
20,2204,UGARSUGAR,EQ,209246,103402,49.42
20,2205,UGROCAP,EQ,226548,125946,55.59
20,2206,UGROCAP,N1,500,500,100.00
20,2207,UGROCAP,N4,1,1,100.00
20,2208,UGROCAP,N5,50,50,100.00
20,2209,UGROCAP,N7,96,96,100.00
20,2210,UJJIVAN,EQ,745316,322423,43.26
20,2211,UJJIVANSFB,EQ,4858929,2605858,53.63
20,2212,ULTRACEMCO,EQ,337528,130380,38.63
20,2213,UMA,SM,12000,12000,100.00
20,2214,UMAEXPORTS,EQ,206103,128719,62.45
20,2215,UMANGDAIRY,EQ,519935,204667,39.36
20,2216,UNICHEMLAB,EQ,65099,36295,55.75
20,2217,UNIDT,EQ,97351,58640,60.24
20,2218,UNIENTER,EQ,9106,5310,58.31
20,2219,UNIHEALTH,SM,49000,46000,93.88
20,2220,UNIONBANK,EQ,15399801,6805819,44.19
20,2221,UNIPARTS,EQ,111065,58311,52.50
20,2222,UNITEDPOLY,EQ,18012,11921,66.18
20,2223,UNITEDTEA,EQ,5250,4321,82.30
20,2224,UNIVCABLES,EQ,36676,15577,42.47
20,2225,UNIVPHOTO,EQ,6448,3687,57.18
20,2226,UNOMINDA,EQ,282787,140372,49.64
20,2227,UPL,EQ,3406640,1639169,48.12
20,2228,URAVI,EQ,2573,877,34.08
20,2229,URBAN,SM,1200,1200,100.00
20,2230,URJA,EQ,15994232,5966721,37.31
20,2231,USASEEDS,SM,1800,1500,83.33
20,2232,USHAMART,EQ,600700,280967,46.77
20,2233,USK,EQ,520245,291331,56.00
20,2234,UTIAMC,EQ,98446,50560,51.36
20,2235,UTIBANKETF,EQ,1020170,923199,90.49
20,2236,UTINEXT50,EQ,26187,15273,58.32
20,2237,UTINIFTETF,EQ,14457,12316,85.19
20,2238,UTISENSETF,EQ,2216,1625,73.33
20,2239,UTISXN50,EQ,2563,1787,69.72
20,2240,UTKARSHBNK,EQ,2842428,1348401,47.44
20,2241,UTTAMSUGAR,EQ,224133,83619,37.31
20,2242,V2RETAIL,EQ,102354,73507,71.82
20,2243,VADILALIND,EQ,19304,12075,62.55
20,2244,VAIBHAVGBL,EQ,364653,132747,36.40
20,2245,VAISHALI,EQ,186402,78330,42.02
20,2246,VAKRANGEE,EQ,14307156,3602266,25.18
20,2247,VALIANTLAB,EQ,349879,288226,82.38
20,2248,VALIANTORG,EQ,59552,26137,43.89
20,2249,VARDHACRLC,EQ,64391,42504,66.01
20,2250,VARROC,EQ,208326,88774,42.61
20,2251,VASCONEQ,EQ,1579725,859409,54.40
20,2252,VASWANI,EQ,252788,127990,50.63
20,2253,VBL,EQ,982195,617563,62.88
20,2254,VCL,EQ,515398,337559,65.49
20,2255,VEDL,EQ,5803881,2500704,43.09
20,2256,VEEKAYEM,SM,24000,8000,33.33
20,2257,VELS,SM,1200,1200,100.00
20,2258,VENKEYS,EQ,18156,8377,46.14
20,2259,VENUSPIPES,EQ,115352,64002,55.48
20,2260,VENUSREM,EQ,81865,44000,53.75
20,2261,VERANDA,EQ,108150,39263,36.30
20,2262,VERTOZ,EQ,213891,46882,21.92
20,2263,VESUVIUS,EQ,5227,3184,60.91
20,2264,VETO,EQ,67808,37826,55.78
20,2265,VGUARD,EQ,264805,128663,48.59
20,2266,VHL,EQ,1000,475,47.50
20,2267,VIAZ,ST,46000,46000,100.00
20,2268,VIDHIING,EQ,47411,31527,66.50
20,2269,VIJAYA,EQ,209975,59276,28.23
20,2270,VIJIFIN,EQ,119399,113945,95.43
20,2271,VIKASECO,EQ,18929800,8287540,43.78
20,2272,VIKASLIFE,EQ,47111519,16948675,35.98
20,2273,VILINBIO,SM,12000,12000,100.00
20,2274,VIMTALABS,EQ,97413,47707,48.97
20,2275,VINATIORGA,EQ,90367,57961,64.14
20,2276,VINDHYATEL,EQ,76711,21071,27.47
20,2277,VINEETLAB,EQ,107597,56344,52.37
20,2278,VINSYS,SM,26500,24000,90.57
20,2279,VINYAS,SM,8800,8000,90.91
20,2280,VINYLINDIA,EQ,42820,17430,40.71
20,2281,VIPCLOTHNG,EQ,856343,524765,61.28
20,2282,VIPIND,EQ,665228,398563,59.91
20,2283,VIPULLTD,EQ,1354811,1256882,92.77
20,2284,VIRINCHI,EQ,442299,272045,61.51
20,2285,VISAKAIND,EQ,348092,185877,53.40
20,2286,VISHNU,EQ,161379,76808,47.59
20,2287,VISHNUINFR,SM,56000,42000,75.00
20,2288,VISHWARAJ,EQ,815416,384464,47.15
20,2289,VITAL,SM,44400,24000,54.05
20,2290,VIVIANA,SM,14000,14000,100.00
20,2291,VIVIDHA,EQ,1977871,1484323,75.05
20,2292,VIVO,SM,3200,3200,100.00
20,2293,VLEGOV,EQ,303499,303499,100.00
20,2294,VLSFINANCE,EQ,139716,62741,44.91
20,2295,VMARCIND,SM,22000,17000,77.27
20,2296,VMART,EQ,27566,9282,33.67
20,2297,VOLTAMP,EQ,39868,24599,61.70
20,2298,VOLTAS,EQ,1525164,653924,42.88
20,2299,VPRPL,EQ,1666952,790695,47.43
20,2300,VRLLOG,EQ,66506,35340,53.14
20,2301,VSSL,EQ,67188,26942,40.10
20,2302,VSTIND,EQ,103833,43970,42.35
20,2303,VSTTILLERS,EQ,20336,10380,51.04
20,2304,VTL,EQ,127762,70960,55.54
20,2305,WABAG,EQ,232583,86138,37.04
20,2306,WALCHANNAG,EQ,134034,82644,61.66
20,2307,WALPAR,SM,4000,4000,100.00
20,2308,WEBELSOLAR,EQ,754855,482638,63.94
20,2309,WEL,EQ,4325,2749,63.56
20,2310,WELCORP,EQ,858090,432880,50.45
20,2311,WELENT,EQ,312233,160389,51.37
20,2312,WELSPUNLIV,EQ,2011396,976338,48.54
20,2313,WENDT,EQ,393,193,49.11
20,2314,WESTLIFE,EQ,68025,36627,53.84
20,2315,WHEELS,EQ,22892,12561,54.87
20,2316,WHIRLPOOL,EQ,68670,35490,51.68
20,2317,WINDLAS,EQ,2474427,443943,17.94
20,2318,WINDMACHIN,EQ,204380,177415,86.81
20,2319,WIPRO,EQ,7141257,2628348,36.81
20,2320,WOCKPHARMA,EQ,4162769,953836,22.91
20,2321,WONDERLA,EQ,62038,33097,53.35
20,2322,WORTH,EQ,20494,11516,56.19
20,2323,WSTCSTPAPR,EQ,207035,81216,39.23
20,2324,XCHANGING,EQ,405225,159797,39.43
20,2325,XELPMOC,EQ,243510,115062,47.25
20,2326,XPROINDIA,EQ,55920,17872,31.96
20,2327,YAARI,EQ,269061,210124,78.10
20,2328,YASHO,EQ,23459,14703,62.68
20,2329,YATHARTH,EQ,304033,179089,58.90
20,2330,YATRA,EQ,698915,328353,46.98
20,2331,YCCL,SM,33000,27000,81.82
20,2332,YESBANK,EQ,618101025,154971439,25.07
20,2333,YUDIZ,SM,16800,16000,95.24
20,2334,YUKEN,EQ,5801,2728,47.03
20,2335,ZAGGLE,EQ,670476,288009,42.96
20,2336,ZEAL,SM,12600,10800,85.71
20,2337,ZEEL,EQ,28467964,8975140,31.53
20,2338,ZEEMEDIA,EQ,15333287,4435723,28.93
20,2339,ZENITHEXPO,EQ,6225,2091,33.59
20,2340,ZENSARTECH,EQ,1627720,874827,53.75
20,2341,ZFCVINDIA,EQ,19764,15628,79.07
20,2342,ZIMLAB,EQ,267453,162390,60.72
20,2343,ZODIACLOTH,EQ,28293,15701,55.49
20,2344,ZOMATO,EQ,69395959,32548614,46.90
20,2345,ZOTA,EQ,18525,7893,42.61
20,2346,ZUARI,EQ,1664204,581887,34.96
20,2347,ZUARIIND,EQ,270842,104679,38.65
20,2348,ZYDUSLIFE,EQ,2433838,837316,34.40
20,2349,ZYDUSWELL,EQ,61230,35355,57.74
