Security Wise Delivery Position - Compulsory Rolling Settlement
10,MTO,01012024,1854021525,0002356
Trade Date <01-JAN-2024>,Settlement Type <N>
Record Type,Sr No,Name of Security,Quantity Traded,Deliverable Quantity(gross across client level),% of Deliverable Quantity to Traded Quantity
20,1,1018GS2026,GS,17,16,94.12
20,2,182D020524,TB,200,200,100.00
20,3,182D040424,TB,5800,5800,100.00
20,4,182D060624,TB,300,200,66.67
20,5,182D090524,TB,200,200,100.00
20,6,182D110124,TB,2000,2000,100.00
20,7,182D130624,TB,5600,5600,100.00
20,8,182D140324,TB,200,200,100.00
20,9,182D180424,TB,1800,1800,100.00
20,10,182D200624,TB,1200,800,66.67
20,11,182D210324,TB,200,200,100.00
20,12,182D220224,TB,100,100,100.00
20,13,182D230524,TB,500,500,100.00
20,14,182D270624,TB,300,300,100.00
20,15,182D290324,TB,500,500,100.00
20,16,182D300524,TB,100,100,100.00
20,17,20MICRONS,EQ,117885,45000,38.17
20,18,360ONE,EQ,175009,95648,54.65
20,19,364D010824,TB,900,900,100.00
20,20,364D050924,TB,700,700,100.00
20,21,364D051224,TB,700,700,100.00
20,22,364D110424,TB,900,900,100.00
20,23,364D120924,TB,100,100,100.00
20,24,364D121224,TB,3100,3100,100.00
20,25,364D140324,TB,1500,1500,100.00
20,26,364D150224,TB,100,100,100.00
20,27,364D191224,TB,200,200,100.00
20,28,364D211124,TB,500,500,100.00
20,29,364D281124,TB,100,100,100.00
20,30,364D311024,TB,200,200,100.00
20,31,3IINFOLTD,EQ,10164866,3679944,36.20
20,32,3MINDIA,EQ,10350,1891,18.27
20,33,3PLAND,EQ,14356,8961,62.42
20,34,574GS2026,GS,174,174,100.00
20,35,5PAISA,EQ,330447,123681,37.43
20,36,610GS2031,GS,9,9,100.00
20,37,618GS2024,GS,1000,500,50.00
20,38,654GS2032,GS,4710,3919,83.21
20,39,667GS2035,GS,789,789,100.00
20,40,667GS2050,GS,6475,6475,100.00
20,41,669GS2024,GS,2215,2002,90.38
20,42,676GS2061,GS,2100,2100,100.00
20,43,689GS2025,GS,2700,2700,100.00
20,44,695GS2061,GS,2242,2242,100.00
20,45,699GS2051,GS,7256,7255,99.99
20,46,706GS2028,GS,9781,9781,100.00
20,47,710GS2029,GS,3440,3440,100.00
20,48,716GS2050,GS,100,100,100.00
20,49,717GS2030,GS,514,500,97.28
20,50,718GS2033,GS,400,400,100.00
20,51,718GS2037,GS,402,401,99.75
20,52,719GS2060,GS,1,1,100.00
20,53,725GS2063,GS,19571,19471,99.49
20,54,726GS2029,GS,310,310,100.00
20,55,726GS2032,GS,23480,23480,100.00
20,56,726GS2033,GS,51,51,100.00
20,57,732GS2030,GS,1000,1000,100.00
20,58,733GS2026,GS,1104,1104,100.00
20,59,736GS2052,GS,16612,11533,69.43
20,60,737GS2028,GS,1850,1850,100.00
20,61,738GS2027,GS,203668,203356,99.85
20,62,73GS2053,GS,7539,7149,94.83
20,63,741GS2036,GS,1605,1605,100.00
20,64,743TN33,SG,100,100,100.00
20,65,746GS2073,GS,5749,5749,100.00
20,66,74GS2062,GS,1635,1632,99.82
20,67,754GS2036,GS,387579,377008,97.27
20,68,757GJ26,SG,100,100,100.00
20,69,758GJ26,SG,700,700,100.00
20,70,759GS2026,GS,10,10,100.00
20,71,762UP34,SG,100,100,100.00
20,72,778BR31,SG,100,100,100.00
20,73,824GS2027,GS,12000,12000,100.00
20,74,828GS2027,GS,40000,40000,100.00
20,75,833GS2026,GS,6,6,100.00
20,76,91D040124,TB,200,200,100.00
20,77,91D070324,TB,4400,4400,100.00
20,78,91D080224,TB,400,400,100.00
20,79,91D140324,TB,8500,8000,94.12
20,80,91D150224,TB,1100,1100,100.00
20,81,91D180124,TB,200,200,100.00
20,82,91D210324,TB,1500,1100,73.33
20,83,91D220224,TB,3700,3700,100.00
20,84,91D280324,TB,700,700,100.00
20,85,91D290224,TB,1700,1700,100.00
20,86,92GS2030,GS,4761,4760,99.98
20,87,AAATECH,EQ,258541,122128,47.24
20,88,AAREYDRUGS,EQ,1092467,538483,49.29
20,89,AARON,EQ,9211,5637,61.20
20,90,AARTECH,EQ,13300,6675,50.19
20,91,AARTIDRUGS,EQ,241244,102687,42.57
20,92,AARTIIND,EQ,1541664,974629,63.22
20,93,AARTIPHARM,EQ,89927,40793,45.36
20,94,AARTIPP,E1,917,714,77.86
20,95,AARTISURF,EQ,102629,35119,34.22
20,96,AARVEEDEN,EQ,459281,219403,47.77
20,97,AARVI,EQ,61903,34807,56.23
20,98,AATMAJ,SM,44000,22000,50.00
20,99,AAVAS,EQ,238095,124634,52.35
20,100,ABB,EQ,84544,33919,40.12
20,101,ABBOTINDIA,EQ,24341,18280,75.10
20,102,ABCAPITAL,EQ,4244834,2035254,47.95
20,103,ABCOTS,SM,10000,10000,100.00
20,104,ABFL,N0,100,100,100.00
20,105,ABFL,N4,146,146,100.00
20,106,ABFL,N5,200,200,100.00
20,107,ABFRL,EQ,1877648,867585,46.21
20,108,ABINFRA,SM,36000,36000,100.00
20,109,ABSLAMC,EQ,76563,38054,49.70
20,110,ABSLBANETF,EQ,47604,33490,70.35
20,111,ABSLLIQUID,EQ,2172,1186,54.60
20,112,ABSLNN50ET,EQ,6713,4639,69.10
20,113,ACC,EQ,531769,186694,35.11
20,114,ACCELYA,EQ,36080,19574,54.25
20,115,ACCENTMIC,SM,181000,140000,77.35
20,116,ACE,EQ,147904,81851,55.34
20,117,ACEINTEG,EQ,11519,7984,69.31
20,118,ACI,EQ,793927,411724,51.86
20,119,ACL,EQ,165226,91534,55.40
20,120,ACLGATI,EQ,927411,475234,51.24
20,121,ACSAL,SM,21000,21000,100.00
20,122,ADANIENSOL,EQ,676574,255946,37.83
20,123,ADANIENT,EQ,2898619,643451,22.20
20,124,ADANIGREEN,EQ,912757,394593,43.23
20,125,ADANIPORTS,EQ,3989711,975722,24.46
20,126,ADFFOODS,EQ,251070,137777,54.88
20,127,ADORWELD,EQ,10451,5728,54.81
20,128,ADSL,EQ,452462,134201,29.66
20,129,ADVANIHOTR,EQ,118509,42461,35.83
20,130,ADVENZYMES,EQ,160256,83658,52.20
20,131,AEGISCHEM,EQ,407119,275627,67.70
20,132,AEROFLEX,EQ,969404,478675,49.38
20,133,AETHER,EQ,115407,65873,57.08
20,134,AFFLE,EQ,460112,196712,42.75
20,135,AGARIND,EQ,54562,30886,56.61
20,136,AGARWALFT,SM,18000,15000,83.33
20,137,AGI,EQ,69193,34024,49.17
20,138,AGNI,SM,10000,10000,100.00
20,139,AGRITECH,EQ,8458,3219,38.06
20,140,AGROPHOS,EQ,1626418,812422,49.95
20,141,AGSTRA,EQ,1518984,572164,37.67
20,142,AGUL,ST,4000,4000,100.00
20,143,AHL,EQ,311902,78827,25.27
20,144,AHLADA,EQ,2563752,670771,26.16
20,145,AHLEAST,EQ,67322,38125,56.63
20,146,AHLUCONT,EQ,59432,29542,49.71
20,147,AIAENG,EQ,20291,11610,57.22
20,148,AILIMITED,SM,12000,12000,100.00
20,149,AIRAN,EQ,2054633,1049110,51.06
20,150,AIROLAM,EQ,22989,5429,23.62
20,151,AIRTELPP,E1,741043,374175,50.49
20,152,AISL,SM,1200,1200,100.00
20,153,AJANTPHARM,EQ,166867,87411,52.38
20,154,AJMERA,EQ,57788,30527,52.83
20,155,AKASH,EQ,552577,401789,72.71
20,156,AKG,EQ,177194,62421,35.23
20,157,AKSHAR,EQ,7121145,5559406,78.07
20,158,AKSHARCHEM,EQ,52872,24943,47.18
20,159,AKSHOPTFBR,EQ,3546009,2205415,62.19
20,160,AKZOINDIA,EQ,13402,5703,42.55
20,161,ALANKIT,EQ,2693373,1771630,65.78
20,162,ALBERTDAVD,EQ,6272,3765,60.03
20,163,ALEMBICLTD,EQ,696630,321710,46.18
20,164,ALICON,EQ,17699,8737,49.36
20,165,ALKALI,EQ,24281,14259,58.72
20,166,ALKEM,EQ,101017,47179,46.70
20,167,ALKYLAMINE,EQ,382516,113368,29.64
20,168,ALLCARGO,EQ,5617549,1812427,32.26
20,169,ALLETEC,SM,63200,44000,69.62
20,170,ALLSEC,EQ,14846,7990,53.82
20,171,ALMONDZ,EQ,77479,46355,59.83
20,172,ALOKINDS,EQ,10352267,4493352,43.40
20,173,ALPA,EQ,119077,67135,56.38
20,174,ALPHAETF,EQ,128819,107398,83.37
20,175,ALPHAGEO,EQ,14857,9055,60.95
20,176,ALPL30IETF,EQ,13809,7511,54.39
20,177,ALPSINDUS,EQ,62263,56191,90.25
20,178,AMBANIORG,SM,1000,1000,100.00
20,179,AMBER,EQ,23073,9927,43.02
20,180,AMBICAAGAR,EQ,25100,17992,71.68
20,181,AMBIKCO,EQ,9778,5537,56.63
20,182,AMBUJACEM,EQ,4251624,1644918,38.69
20,183,AMEYA,SM,2000,2000,100.00
20,184,AMIABLE,SM,1600,1600,100.00
20,185,AMIORG,EQ,225250,103167,45.80
20,186,AMJLAND,EQ,375092,221553,59.07
20,187,AMNPLST,EQ,13183,9399,71.30
20,188,AMRUTANJAN,EQ,97121,53399,54.98
20,189,ANANDRATHI,EQ,65516,40644,62.04
20,190,ANANTRAJ,EQ,530163,246608,46.52
20,191,ANDHRAPAP,EQ,284395,174632,61.40
20,192,ANDHRSUGAR,EQ,437171,240506,55.01
20,193,ANGELONE,EQ,313160,105607,33.72
20,194,ANLON,SM,1600,800,50.00
20,195,ANMOL,EQ,617299,286865,46.47
20,196,ANNAPURNA,SM,72500,56000,77.24
20,197,ANUP,EQ,22279,12805,57.48
20,198,ANURAS,EQ,427842,149609,34.97
20,199,APARINDS,EQ,70761,23838,33.69
20,200,APCL,EQ,15945,9844,61.74
20,201,APCOTEXIND,EQ,38795,22385,57.70
20,202,APEX,EQ,194604,83877,43.10
20,203,APLAPOLLO,EQ,737306,511059,69.31
20,204,APLLTD,EQ,46900,22006,46.92
20,205,APOLLOHOSP,EQ,127030,38414,30.24
20,206,APOLLOPIPE,EQ,40907,26632,65.10
20,207,APOLLOTYRE,EQ,1679801,721034,42.92
20,208,APOLSINHOT,EQ,3217,2032,63.16
20,209,APTECHT,EQ,491377,213633,43.48
20,210,APTUS,EQ,342938,125100,36.48
20,211,ARABIAN,SM,36000,24000,66.67
20,212,ARCHIES,EQ,136446,79866,58.53
20,213,ARE&M,EQ,527034,284296,53.94
20,214,ARENTERP,EQ,10762,9540,88.65
20,215,ARHAM,SM,10000,8000,80.00
20,216,ARIES,EQ,177289,83933,47.34
20,217,ARIHANTACA,SM,17600,10400,59.09
20,218,ARIHANTCAP,EQ,270312,209208,77.40
20,219,ARIHANTSUP,EQ,69485,43268,62.27
20,220,ARISTO,SM,4800,3200,66.67
20,221,ARMANFIN,EQ,89073,38210,42.90
20,222,ARROWGREEN,EQ,34124,14994,43.94
20,223,ARTEMISMED,EQ,613446,249735,40.71
20,224,ARTNIRMAN,EQ,10306,4617,44.80
20,225,ARVIND,EQ,479518,276405,57.64
20,226,ARVINDFASN,EQ,165266,86404,52.28
20,227,ARVSMART,EQ,36588,25085,68.56
20,228,ASAHIINDIA,EQ,167523,98960,59.07
20,229,ASAHISONG,EQ,35995,28299,78.62
20,230,ASAL,EQ,23340,10210,43.74
20,231,ASALCBR,EQ,96496,47186,48.90
20,232,ASHIANA,EQ,532308,99561,18.70
20,233,ASHIMASYN,EQ,316276,211685,66.93
20,234,ASHOKA,EQ,1731028,950935,54.93
20,235,ASHOKAMET,EQ,799925,487765,60.98
20,236,ASHOKLEY,EQ,39354793,19509736,49.57
20,237,ASIANENE,EQ,46620,28864,61.91
20,238,ASIANPAINT,EQ,283951,141679,49.90
20,239,ASIANTILES,EQ,717697,361571,50.38
20,240,ASKAUTOLTD,EQ,133432,81623,61.17
20,241,ASPINWALL,EQ,6758,3845,56.90
20,242,ASTEC,EQ,38866,26160,67.31
20,243,ASTERDM,EQ,155897,59443,38.13
20,244,ASTRAL,EQ,238462,137403,57.62
20,245,ASTRAMICRO,EQ,219528,98027,44.65
20,246,ASTRAZEN,EQ,30202,7289,24.13
20,247,ASTRON,EQ,390680,234068,59.91
20,248,ATAM,EQ,74416,39253,52.75
20,249,ATFL,EQ,3785,1964,51.89
20,250,ATGL,EQ,1726490,615376,35.64
20,251,ATL,EQ,2338981,1401023,59.90
20,252,ATUL,EQ,29878,12224,40.91
20,253,ATULAUTO,EQ,249608,92083,36.89
20,254,AUBANK,EQ,1258532,461354,36.66
20,255,AURDIS,SM,2000,2000,100.00
20,256,AUROIMPEX,SM,24000,19200,80.00
20,257,AUROPHARMA,EQ,985073,321363,32.62
20,258,AURUM,EQ,52090,31109,59.72
20,259,AURUMPP,E1,5894,5694,96.61
20,260,AUTOAXLES,EQ,14062,8416,59.85
20,261,AUTOBEES,EQ,101941,63252,62.05
20,262,AUTOIETF,EQ,8937,6109,68.36
20,263,AUTOIND,EQ,115565,63100,54.60
20,264,AVADHSUGAR,EQ,52222,21036,40.28
20,265,AVALON,EQ,181698,84854,46.70
20,266,AVANTIFEED,EQ,1272023,361168,28.39
20,267,AVG,EQ,144743,69879,48.28
20,268,AVONMORE,EQ,114849,58286,50.75
20,269,AVROIND,EQ,16317,9083,55.67
20,270,AVTNPL,EQ,1196996,583362,48.74
20,271,AWHCL,EQ,174835,71425,40.85
20,272,AWL,EQ,3843900,1319984,34.34
20,273,AXISBANK,EQ,4083732,2258877,55.31
20,274,AXISBNKETF,EQ,2360,1211,51.31
20,275,AXISBPSETF,EQ,28956,19309,66.68
20,276,AXISCADES,EQ,76072,34125,44.86
20,277,AXISCETF,EQ,2708,1596,58.94
20,278,AXISGOLD,EQ,72647,56667,78.00
20,279,AXISHCETF,EQ,4226,3491,82.61
20,280,AXISILVER,EQ,22837,20084,87.95
20,281,AXISNIFTY,EQ,6854,4460,65.07
20,282,AXISTECETF,EQ,2068,980,47.39
20,283,AXITA,EQ,3045706,1202884,39.49
20,284,AXSENSEX,EQ,2131,1550,72.74
20,285,AYMSYNTEX,EQ,27846,20743,74.49
20,286,AZAD,EQ,762525,415344,54.47
20,287,BABAFP,SM,44800,32000,71.43
20,288,BAGFILMS,EQ,1343435,543067,40.42
20,289,BAHETI,SM,6750,6000,88.89
20,290,BAJAJ-AUTO,EQ,253274,84938,33.54
20,291,BAJAJCON,EQ,1508686,855047,56.67
20,292,BAJAJELEC,EQ,34648,17919,51.72
20,293,BAJAJFINSV,EQ,692280,403683,58.31
20,294,BAJAJHCARE,EQ,51111,27946,54.68
20,295,BAJAJHIND,EQ,8071505,4483012,55.54
20,296,BAJAJHLDNG,EQ,17080,4896,28.67
20,297,BAJFINANCE,EQ,331489,112857,34.05
20,298,BALAJITELE,EQ,246469,123415,50.07
20,299,BALAMINES,EQ,237557,64527,27.16
20,300,BALAXI,EQ,3890,2521,64.81
20,301,BALKRISHNA,EQ,48861,27171,55.61
20,302,BALKRISIND,EQ,119304,47864,40.12
20,303,BALMLAWRIE,EQ,1442212,389166,26.98
20,304,BALPHARMA,EQ,24737,14957,60.46
20,305,BALRAMCHIN,EQ,3344980,1408317,42.10
20,306,BANARBEADS,EQ,11832,5676,47.97
20,307,BANARISUG,EQ,687,513,74.67
20,308,BANCOINDIA,EQ,179852,93505,51.99
20,309,BANDHANBNK,EQ,6663982,2429974,36.46
20,310,BANKA,EQ,1282241,387362,30.21
20,311,BANKBARODA,EQ,13199707,4910740,37.20
20,312,BANKBEES,EQ,316307,170259,53.83
20,313,BANKETF,EQ,1317,1056,80.18
20,314,BANKIETF,EQ,782840,688187,87.91
20,315,BANKINDIA,EQ,16485079,10119090,61.38
20,316,BANSWRAS,EQ,76845,43889,57.11
20,317,BARBEQUE,EQ,30473,11385,37.36
20,318,BASF,EQ,11625,6558,56.41
20,319,BASILIC,SM,111600,81600,73.12
20,320,BASML,EQ,85511,59538,69.63
20,321,BATAINDIA,EQ,234872,109959,46.82
20,322,BAYERCROP,EQ,39511,24181,61.20
20,323,BBETF0432,EQ,1318,1204,91.35
20,324,BBL,EQ,37684,14858,39.43
20,325,BBNPPGOLD,EQ,1003325,1003164,99.98
20,326,BBTC,EQ,456619,122528,26.83
20,327,BBTCL,EQ,5747,3124,54.36
20,328,BCG,EQ,22469646,8859347,39.43
20,329,BCLIND,EQ,685620,354568,51.71
20,330,BDL,EQ,487179,129411,26.56
20,331,BECTORFOOD,EQ,128741,69534,54.01
20,332,BEDMUTHA,EQ,150874,105667,70.04
20,333,BEL,EQ,18008785,10285339,57.11
20,334,BEML,EQ,173851,36144,20.79
20,335,BEPL,EQ,1573379,694088,44.11
20,336,BERGEPAINT,EQ,631961,302133,47.81
20,337,BETA,SM,8000,5000,62.50
20,338,BEWLTD,SM,375,375,100.00
20,339,BFINVEST,EQ,63681,24024,37.73
20,340,BFSI,EQ,516466,503753,97.54
20,341,BFUTILITIE,EQ,151494,71023,46.88
20,342,BGRENERGY,EQ,1585015,658274,41.53
20,343,BHAGCHEM,EQ,2612,1952,74.73
20,344,BHAGERIA,EQ,22680,12289,54.18
20,345,BHAGYANGR,EQ,454959,161540,35.51
20,346,BHARATFORG,EQ,609955,191605,31.41
20,347,BHARATGEAR,EQ,49792,35150,70.59
20,348,BHARATRAS,EQ,1834,729,39.75
20,349,BHARATWIRE,EQ,261745,161524,61.71
20,350,BHARTIARTL,EQ,3804406,2188481,57.52
20,351,BHEL,EQ,75665268,19653594,25.97
20,352,BIGBLOC,EQ,78085,42186,54.03
20,353,BIKAJI,EQ,145982,62147,42.57
20,354,BIOCON,EQ,7038993,3082588,43.79
20,355,BIOFILCHEM,EQ,48378,30089,62.20
20,356,BIRET,RR,96245,81051,84.21
20,357,BIRLACABLE,EQ,57348,34656,60.43
20,358,BIRLACORPN,EQ,201822,75589,37.45
20,359,BIRLAMONEY,EQ,5657239,1136667,20.09
20,360,BLAL,EQ,310431,142527,45.91
20,361,BLBLIMITED,EQ,174481,136913,78.47
20,362,BLISSGVS,EQ,288571,164725,57.08
20,363,BLKASHYAP,EQ,2870722,1197901,41.73
20,364,BLS,EQ,4374515,1097744,25.09
20,365,BLUEDART,EQ,5155,2656,51.52
20,366,BLUEJET,EQ,235647,155392,65.94
20,367,BLUESTARCO,EQ,108660,66641,61.33
20,368,BMETRICS,SM,11600,10400,89.66
20,369,BODALCHEM,EQ,1368175,660549,48.28
20,370,BOMDYEING,EQ,1899153,906541,47.73
20,371,BOROLTD,EQ,54597,29839,54.65
20,372,BORORENEW,EQ,216085,113426,52.49
20,373,BOSCHLTD,EQ,19391,6204,31.99
20,374,BPCL,EQ,3503144,1418988,40.51
20,375,BRIGADE,EQ,259042,119300,46.05
20,376,BRIGHT,ST,219000,186000,84.93
20,377,BRITANNIA,EQ,130032,47714,36.69
20,378,BRITANNIA,N3,2536,1962,77.37
20,379,BRNL,EQ,783244,296979,37.92
20,380,BROOKS,EQ,80168,52528,65.52
20,381,BSE,EQ,488056,215297,44.11
20,382,BSE500IETF,EQ,229450,169410,73.83
20,383,BSHSL,EQ,10927,7048,64.50
20,384,BSL,EQ,13023,7234,55.55
20,385,BSLGOLDETF,EQ,20300,9221,45.42
20,386,BSLNIFTY,EQ,218803,162871,74.44
20,387,BSLSENETFG,EQ,1091,997,91.38
20,388,BSOFT,EQ,2508444,834900,33.28
20,389,BTML,EQ,189713,76958,40.57
20,390,BUTTERFLY,EQ,11570,6403,55.34
20,391,CADSYS,SM,13000,12000,92.31
20,392,CAMLINFINE,EQ,467775,263733,56.38
20,393,CAMPUS,EQ,887572,452438,50.97
20,394,CAMS,EQ,66066,35711,54.05
20,395,CANARYS,SM,132000,104000,78.79
20,396,CANBK,EQ,4340269,1574971,36.29
20,397,CANFINHOME,EQ,474059,253105,53.39
20,398,CANTABIL,EQ,162065,67368,41.57
20,399,CAPACITE,EQ,1180472,435509,36.89
20,400,CAPLIPOINT,EQ,313018,113591,36.29
20,401,CAPTRUST,EQ,312782,114438,36.59
20,402,CARBORUNIV,EQ,48609,22232,45.74
20,403,CAREERP,EQ,32946,20841,63.26
20,404,CARERATING,EQ,61992,38538,62.17
20,405,CARTRADE,EQ,65017,24589,37.82
20,406,CARYSIL,EQ,76249,42670,55.96
20,407,CASTROLIND,EQ,28004549,7702484,27.50
20,408,CBAZAAR,SM,48000,48000,100.00
20,409,CCHHL,EQ,741747,415080,55.96
20,410,CCL,EQ,135892,87702,64.54
20,411,CDSL,EQ,454570,238908,52.56
20,412,CEATLTD,EQ,80911,34198,42.27
20,413,CELLECOR,SM,186000,116400,62.58
20,414,CELLO,EQ,194900,114523,58.76
20,415,CELLPOINT,SM,30000,22800,76.00
20,416,CENTENKA,EQ,37981,21413,56.38
20,417,CENTEXT,EQ,664000,412030,62.05
20,418,CENTRALBK,EQ,14747454,4500435,30.52
20,419,CENTRUM,EQ,1989295,952912,47.90
20,420,CENTUM,EQ,36102,18834,52.17
20,421,CENTURYPLY,EQ,317997,128478,40.40
20,422,CENTURYTEX,EQ,479572,212731,44.36
20,423,CERA,EQ,22294,15316,68.70
20,424,CESC,EQ,16092130,5554482,34.52
20,425,CGCL,EQ,39942,29464,73.77
20,426,CGPOWER,EQ,552939,326539,59.06
20,427,CHALET,EQ,188557,88800,47.09
20,428,CHAMBLFERT,EQ,3629242,1057558,29.14
20,429,CHAVDA,SM,62000,46000,74.19
20,430,CHEMBOND,EQ,68167,31196,45.76
20,431,CHEMCON,EQ,170904,75674,44.28
20,432,CHEMFAB,EQ,14194,7177,50.56
20,433,CHEMPLASTS,EQ,114011,57207,50.18
20,434,CHENNPETRO,EQ,634118,221007,34.85
20,435,CHEVIOT,EQ,7231,3924,54.27
20,436,CHOICEIN,EQ,613292,60771,9.91
20,437,CHOLAFIN,EQ,726699,345446,47.54
20,438,CHOLAFIN,N1,210,210,100.00
20,439,CHOLAFIN,NB,416,416,100.00
20,440,CHOLAFIN,NC,25,25,100.00
20,441,CHOLAFIN,ND,16,16,100.00
20,442,CHOLAFIN,NG,10,10,100.00
20,443,CHOLAHLDNG,EQ,448796,160965,35.87
20,444,CIEINDIA,EQ,1838941,716856,38.98
20,445,CIGNITITEC,EQ,117433,65698,55.95
20,446,CIPLA,EQ,343584,131258,38.20
20,447,CLEAN,EQ,488216,184703,37.83
20,448,CLEDUCATE,EQ,109901,61502,55.96
20,449,CLOUD,SM,676000,453000,67.01
20,450,CLSEL,EQ,484308,168247,34.74
20,451,CLSL,SM,42000,32000,76.19
20,452,CMNL,SM,99000,75000,75.76
20,453,CMRSL,SM,8000,5600,70.00
20,454,CMSINFO,EQ,228752,135977,59.44
20,455,COALINDIA,EQ,11124690,3415755,30.70
20,456,COASTCORP,EQ,139861,82788,59.19
20,457,COCHINSHIP,EQ,1408663,469327,33.32
20,458,COFFEEDAY,EQ,5445302,1899892,34.89
20,459,COFORGE,EQ,183642,90994,49.55
20,460,COLPAL,EQ,357687,174305,48.73
20,461,COMMITTED,SM,54400,49600,91.18
20,462,COMMOIETF,EQ,77739,73175,94.13
20,463,CONCOR,EQ,759906,306396,40.32
20,464,CONCORDBIO,EQ,53612,26958,50.28
20,465,CONFIPET,EQ,883429,520119,58.88
20,466,CONSOFINVT,EQ,37849,23606,62.37
20,467,CONSUMBEES,EQ,33003,26451,80.15
20,468,CONSUMIETF,EQ,4689,3661,78.08
20,469,CONTROLPR,EQ,56523,28974,51.26
20,470,COOLCAPS,SM,3750,3500,93.33
20,471,CORALFINAC,EQ,148252,88133,59.45
20,472,CORDSCABLE,EQ,30760,20106,65.36
20,473,COROMANDEL,EQ,181841,50930,28.01
20,474,COSMOFIRST,EQ,99334,54011,54.37
20,475,CPS,SM,6000,4800,80.00
20,476,CPSEETF,EQ,1425698,1093953,76.73
20,477,CRAFTSMAN,EQ,13491,6537,48.45
20,478,CRAYONS,SM,46000,28000,60.87
20,479,CREATIVE,EQ,180878,50581,27.96
20,480,CREATIVEYE,EQ,3690,3690,100.00
20,481,CREDITACC,EQ,143057,101318,70.82
20,482,CREDITACC,N1,58,58,100.00
20,483,CREDITACC,N4,3000,3000,100.00
20,484,CREDITACC,N6,257,257,100.00
20,485,CREDITACC,ND,164,164,100.00
20,486,CREST,EQ,50828,30380,59.77
20,487,CRISIL,EQ,18474,10708,57.96
20,488,CROMPTON,EQ,2198792,760523,34.59
20,489,CSBBANK,EQ,182117,106906,58.70
20,490,CSLFINANCE,EQ,42705,21507,50.36
20,491,CTE,EQ,38839,25736,66.26
20,492,CUB,EQ,4698244,2119040,45.10
20,493,CUMMINSIND,EQ,231172,107317,46.42
20,494,CYBERMEDIA,EQ,77035,46117,59.86
20,495,CYBERTECH,EQ,196755,77463,39.37
20,496,CYIENT,EQ,140667,60757,43.19
20,497,CYIENTDLM,EQ,113261,55992,49.44
20,498,DABUR,EQ,1417550,471080,33.23
20,499,DALBHARAT,EQ,802488,348328,43.41
20,500,DALMIASUG,EQ,149501,49099,32.84
20,501,DAMODARIND,EQ,31974,24201,75.69
20,502,DATAMATICS,EQ,240815,74674,31.01
20,503,DATAPATTNS,EQ,404794,311117,76.86
20,504,DBCORP,EQ,147262,79419,53.93
20,505,DBL,EQ,400706,195514,48.79
20,506,DBOL,EQ,163528,77892,47.63
20,507,DBREALTY,EQ,1092731,550342,50.36
20,508,DCAL,EQ,3335175,899947,26.98
20,509,DCBBANK,EQ,24454253,7972264,32.60
20,510,DCM,EQ,47695,32767,68.70
20,511,DCMNVL,EQ,50379,39005,77.42
20,512,DCMSHRIRAM,EQ,132595,88917,67.06
20,513,DCMSRIND,EQ,146379,81860,55.92
20,514,DCW,EQ,3032516,1465219,48.32
20,515,DCXINDIA,EQ,285723,110517,38.68
20,516,DECCANCE,EQ,23072,12964,56.19
20,517,DEEPAKFERT,EQ,1506451,579100,38.44
20,518,DEEPAKNTR,EQ,499429,131065,26.24
20,519,DEEPENR,EQ,34989,17742,50.71
20,520,DEEPINDS,EQ,155570,62771,40.35
20,521,DELHIVERY,EQ,644267,324372,50.35
20,522,DELPHIFX,EQ,85436,67341,78.82
20,523,DELTACORP,EQ,16591005,6019024,36.28
20,524,DELTAMAGNT,EQ,9999,6515,65.16
20,525,DEN,EQ,2742019,1093291,39.87
20,526,DENEERS,SM,20400,14400,70.59
20,527,DENORA,EQ,22084,12451,56.38
20,528,DENTALKART,SM,8500,5500,64.71
20,529,DEVYANI,EQ,1006774,584998,58.11
20,530,DGCONTENT,EQ,18799,15188,80.79
20,531,DHAMPURSUG,EQ,1834544,523703,28.55
20,532,DHANBANK,EQ,2513058,1175936,46.79
20,533,DHANI,EQ,1126165,598921,53.18
20,534,DHANILOANS,N6,85,85,100.00
20,535,DHANILOANS,N8,899,899,100.00
20,536,DHANILOANS,NO,10,10,100.00
20,537,DHANILOANS,NU,24,24,100.00
20,538,DHANILOANS,NX,1,1,100.00
20,539,DHANILOANS,Y5,110,110,100.00
20,540,DHANUKA,EQ,67758,34859,51.45
20,541,DHARMAJ,EQ,238749,112943,47.31
20,542,DHRUV,EQ,19838,14718,74.19
20,543,DHUNINV,EQ,3183,2047,64.31
20,544,DIAMINESQ,EQ,17537,9656,55.06
20,545,DIAMONDYD,EQ,122476,65343,53.35
20,546,DICIND,EQ,1446,1166,80.64
20,547,DIGIKORE,SM,40000,32000,80.00
20,548,DIGISPICE,EQ,112814,68915,61.09
20,549,DIL,EQ,1856296,1570799,84.62
20,550,DISHTV,EQ,42163867,15012121,35.60
20,551,DIVGIITTS,EQ,17091,9561,55.94
20,552,DIVISLAB,EQ,240126,98442,41.00
20,553,DIVOPPBEES,EQ,50586,38385,75.88
20,554,DIXON,EQ,268871,124734,46.39
20,555,DJML,EQ,6001,3386,56.42
20,556,DLF,EQ,1400824,639592,45.66
20,557,DLINKINDIA,EQ,126314,62715,49.65
20,558,DMART,EQ,131614,81710,62.08
20,559,DMCC,EQ,94978,58074,61.14
20,560,DODLA,EQ,43715,17251,39.46
20,561,DOLATALGO,EQ,279321,153423,54.93
20,562,DOLLAR,EQ,470158,190320,40.48
20,563,DOLLEX,SM,36000,20000,55.56
20,564,DOMS,EQ,260880,150823,57.81
20,565,DONEAR,EQ,94568,52322,55.33
20,566,DPABHUSHAN,EQ,9479,5822,61.42
20,567,DPSCLTD,EQ,2157733,1114002,51.63
20,568,DPWIRES,EQ,50507,25893,51.27
20,569,DREAMFOLKS,EQ,403781,166583,41.26
20,570,DREDGECORP,EQ,1220213,257703,21.12
20,571,DRL,ST,39000,39000,100.00
20,572,DRONE,SM,48000,31000,64.58
20,573,DRREDDY,EQ,195680,79107,40.43
20,574,DSPBANKETF,EQ,10494,6816,64.95
20,575,DSPGOLDETF,EQ,5281,3055,57.85
20,576,DSPITETF,EQ,6624,4439,67.01
20,577,DSPN50ETF,EQ,517,310,59.96
20,578,DSPNEWETF,EQ,3574,2595,72.61
20,579,DSPPSBKETF,EQ,6374,4498,70.57
20,580,DSPPVBKETF,EQ,36220,30457,84.09
20,581,DSPQ50ETF,EQ,7913,5088,64.30
20,582,DSPSENXETF,EQ,648,431,66.51
20,583,DSPSILVETF,EQ,125048,123033,98.39
20,584,DSSL,EQ,47907,21727,45.35
20,585,DTIL,EQ,11920,9850,82.63
20,586,DUCOL,SM,12000,8000,66.67
20,587,DUGLOBAL,SM,60000,45000,75.00
20,588,DVL,EQ,83106,39704,47.78
20,589,DWARKESH,EQ,1339521,624364,46.61
20,590,DYCL,EQ,124248,85064,68.46
20,591,DYNAMATECH,EQ,11192,4191,37.45
20,592,DYNAMIC,SM,20000,12000,60.00
20,593,DYNPRO,EQ,39365,21049,53.47
20,594,EASEMYTRIP,EQ,22465247,12006396,53.44
20,595,EBBETF0425,EQ,11340,10156,89.56
20,596,EBBETF0430,EQ,9194,6291,68.43
20,597,EBBETF0431,EQ,11968,10350,86.48
20,598,EBBETF0433,EQ,3851,3534,91.77
20,599,ECLERX,EQ,73500,33936,46.17
20,600,ECLFINANCE,NJ,172,141,81.98
20,601,ECLFINANCE,NK,110,110,100.00
20,602,ECLFINANCE,NR,238,210,88.24
20,603,ECLFINANCE,NS,30,30,100.00
20,604,EDELWEISS,EQ,3549636,1249844,35.21
20,605,EFACTOR,SM,12800,11200,87.50
20,606,EFORCE,ST,873600,838800,96.02
20,607,EGOLD,EQ,212,142,66.98
20,608,EICHERMOT,EQ,763454,299506,39.23
20,609,EIDPARRY,EQ,285351,139418,48.86
20,610,EIFFL,EQ,43551,28666,65.82
20,611,EIHAHOTELS,EQ,53651,26092,48.63
20,612,EIHOTEL,EQ,1025306,467299,45.58
20,613,EKC,EQ,365304,176084,48.20
20,614,ELDEHSG,EQ,573,330,57.59
20,615,ELECON,EQ,147484,59238,40.17
20,616,ELECTCAST,EQ,1643488,932162,56.72
20,617,ELGIEQUIP,EQ,75856,34686,45.73
20,618,ELIN,EQ,203656,109770,53.90
20,619,EMAMILTD,EQ,2442680,1153170,47.21
20,620,EMAMIPAP,EQ,64006,35439,55.37
20,621,EMBASSY,RR,150496,118106,78.48
20,622,EMIL,EQ,142749,87814,61.52
20,623,EMKAYTOOLS,SM,1200,1200,100.00
20,624,EMMBI,EQ,41341,26842,64.93
20,625,EMSLIMITED,EQ,706265,305026,43.19
20,626,EMUDHRA,EQ,118169,63576,53.80
20,627,ENDURANCE,EQ,71934,42242,58.72
20,628,ENGINERSIN,EQ,26971428,7990003,29.62
20,629,ENIL,EQ,58816,37193,63.24
20,630,EPIGRAL,EQ,74351,35678,47.99
20,631,EPL,EQ,342138,182146,53.24
20,632,EQUITASBNK,EQ,2984516,1359310,45.55
20,633,ERIS,EQ,35045,17876,51.01
20,634,EROSMEDIA,EQ,491222,325966,66.36
20,635,ESABINDIA,EQ,3818,2074,54.32
20,636,ESAFSFB,EQ,969466,465939,48.06
20,637,ESCORTS,EQ,318161,114516,35.99
20,638,ESFL,SM,80400,56400,70.15
20,639,ESG,EQ,13376,9334,69.78
20,640,ESILVER,EQ,57323,53433,93.21
20,641,ESSARSHPNG,EQ,133030,133030,100.00
20,642,ESSENTIA,EQ,17190573,12183003,70.87
20,643,ESTER,EQ,1005005,525653,52.30
20,644,ETHOSLTD,EQ,51790,21362,41.25
20,645,EUROBOND,SM,52000,6000,11.54
20,646,EUROTEXIND,EQ,3468,1063,30.65
20,647,EVEREADY,EQ,147910,76045,51.41
20,648,EVERESTIND,EQ,17556,8507,48.46
20,649,EXCELINDUS,EQ,79813,34673,43.44
20,650,EXIDEIND,EQ,4091951,1238076,30.26
20,651,EXPLEOSOL,EQ,12880,6781,52.65
20,652,EXXARO,EQ,81136,44900,55.34
20,653,FACT,EQ,2516139,383991,15.26
20,654,FAIRCHEMOR,EQ,42245,19476,46.10
20,655,FAZE3Q,EQ,28309,16466,58.17
20,656,FCL,EQ,337564,128069,37.94
20,657,FCSSOFT,EQ,13745287,8403524,61.14
20,658,FDC,EQ,150106,60460,40.28
20,659,FEDERALBNK,EQ,6210375,2983957,48.05
20,660,FEDFINA,EQ,415643,243986,58.70
20,661,FELIX,SM,10000,10000,100.00
20,662,FIBERWEB,EQ,150511,90713,60.27
20,663,FIDEL,SM,2000,2000,100.00
20,664,FIEMIND,EQ,221644,81030,36.56
20,665,FILATEX,EQ,467077,253701,54.32
20,666,FINCABLES,EQ,251346,114794,45.67
20,667,FINEORG,EQ,37728,15510,41.11
20,668,FINIETF,EQ,80517,69286,86.05
20,669,FINOPB,EQ,270013,135676,50.25
20,670,FINPIPE,EQ,259760,142216,54.75
20,671,FIVESTAR,EQ,145695,77299,53.06
20,672,FLAIR,EQ,201254,124837,62.03
20,673,FLEXITUFF,EQ,11724,8564,73.05
20,674,FLUOROCHEM,EQ,184135,103651,56.29
20,675,FMCGIETF,EQ,5594,3223,57.62
20,676,FMGOETZE,EQ,62114,36084,58.09
20,677,FMNL,EQ,193581,143636,74.20
20,678,FOCE,SM,1000,1000,100.00
20,679,FOCUS,EQ,65198,32836,50.36
20,680,FOODSIN,EQ,188257,98854,52.51
20,681,FORTIS,EQ,3687892,666147,18.06
20,682,FOSECOIND,EQ,5218,3036,58.18
20,683,FROG,SM,31600,20800,65.82
20,684,FSL,EQ,981796,450604,45.90
20,685,FUSION,EQ,352187,201246,57.14
20,686,GABRIEL,EQ,157513,85993,54.59
20,687,GAEL,EQ,268142,133330,49.72
20,688,GAIL,EQ,40952729,14912704,36.41
20,689,GALAXYSURF,EQ,22440,16656,74.22
20,690,GALLANTT,EQ,428884,201216,46.92
20,691,GANDHAR,EQ,893863,307414,34.39
20,692,GANDHITUBE,EQ,6490,3808,58.67
20,693,GANECOS,EQ,55952,41731,74.58
20,694,GANESHBE,EQ,125328,61711,49.24
20,695,GANESHHOUC,EQ,143962,65626,45.59
20,696,GANGESSECU,EQ,4482,2240,49.98
20,697,GARFIBRES,EQ,8680,3210,36.98
20,698,GATECHDVR,EQ,292654,236237,80.72
20,699,GATEWAY,EQ,537177,272292,50.69
20,700,GEECEE,EQ,13732,6966,50.73
20,701,GENESYS,EQ,183948,79004,42.95
20,702,GENUSPAPER,EQ,523264,217900,41.64
20,703,GENUSPOWER,EQ,407620,232071,56.93
20,704,GEOJITFSL,EQ,993592,429081,43.18
20,705,GEPIL,EQ,560658,133701,23.85
20,706,GESHIP,EQ,194886,86343,44.30
20,707,GFLLIMITED,EQ,118594,58680,49.48
20,708,GHCL,EQ,689328,306501,44.46
20,709,GHCLTEXTIL,EQ,194785,131645,67.58
20,710,GICHSGFIN,EQ,858474,294779,34.34
20,711,GICL,SM,6000,6000,100.00
20,712,GICRE,EQ,837234,160571,19.18
20,713,GILLANDERS,EQ,26382,17235,65.33
20,714,GILLETTE,EQ,10527,5188,49.28
20,715,GILT5YBEES,EQ,1035541,932053,90.01
20,716,GINNIFILA,EQ,106654,81703,76.61
20,717,GIPCL,EQ,2185744,913355,41.79
20,718,GIRIRAJ,ST,1500,1500,100.00
20,719,GLAND,EQ,106769,43854,41.07
20,720,GLAXO,EQ,599164,366848,61.23
20,721,GLENMARK,EQ,415165,194261,46.79
20,722,GLFL,EQ,14775,14775,100.00
20,723,GLOBAL,EQ,98714,48027,48.65
20,724,GLOBALPET,SM,4500,4500,100.00
20,725,GLOBALVECT,EQ,177013,69960,39.52
20,726,GLOBUSSPR,EQ,114388,61626,53.87
20,727,GLS,EQ,60771,43499,71.58
20,728,GMBREW,EQ,116101,60300,51.94
20,729,GMDCLTD,EQ,15590376,4970372,31.88
20,730,GMMPFAUDLR,EQ,170413,101936,59.82
20,731,GMRINFRA,EQ,37830090,14022117,37.07
20,732,GMRP&UI,EQ,10327061,4208392,40.75
20,733,GNA,EQ,109637,66611,60.76
20,734,GNFC,EQ,5430757,933780,17.19
20,735,GOACARBON,EQ,49248,21695,44.05
20,736,GOCLCORP,EQ,52135,29514,56.61
20,737,GOCOLORS,EQ,103494,50022,48.33
20,738,GODFRYPHLP,EQ,31493,17536,55.68
20,739,GODREJAGRO,EQ,149419,65892,44.10
20,740,GODREJCP,EQ,686392,460504,67.09
20,741,GODREJIND,EQ,1340729,239763,17.88
20,742,GODREJPROP,EQ,208868,62158,29.76
20,743,GOKEX,EQ,231771,104634,45.15
20,744,GOKUL,EQ,5932304,1990902,33.56
20,745,GOKULAGRO,EQ,305599,127463,41.71
20,746,GOLDBEES,EQ,3996865,3028295,75.77
20,747,GOLDETF,EQ,56286,36882,65.53
20,748,GOLDIAM,EQ,519980,253098,48.67
20,749,GOLDIETF,EQ,1487062,1228952,82.64
20,750,GOLDSHARE,EQ,82005,70101,85.48
20,751,GOLDSTAR,ST,225000,213750,95.00
20,752,GOODLUCK,EQ,272703,129273,47.40
20,753,GOYALSALT,SM,12000,12000,100.00
20,754,GPIL,EQ,639838,188482,29.46
20,755,GPPL,EQ,6785151,2489911,36.70
20,756,GRANULES,EQ,3168914,1153186,36.39
20,757,GRAPHISAD,SM,85200,57600,67.61
20,758,GRAPHITE,EQ,766047,207563,27.10
20,759,GRASIM,EQ,804466,367085,45.63
20,760,GRAVITA,EQ,70772,35559,50.24
20,761,GRCL,SM,2000,2000,100.00
20,762,GREAVESCOT,EQ,4749242,2286664,48.15
20,763,GREENCHEF,SM,23200,20800,89.66
20,764,GREENLAM,EQ,43931,20076,45.70
20,765,GREENPANEL,EQ,350373,143349,40.91
20,766,GREENPLY,EQ,409392,202205,49.39
20,767,GREENPOWER,EQ,13832711,6455191,46.67
20,768,GRINDWELL,EQ,68098,38982,57.24
20,769,GRINFRA,EQ,107335,71169,66.31
20,770,GRMOVER,EQ,117809,57211,48.56
20,771,GROBTEA,EQ,377,263,69.76
20,772,GRPLTD,EQ,24,17,70.83
20,773,GRSE,EQ,604835,231539,38.28
20,774,GRWRHITECH,EQ,12908,8231,63.77
20,775,GSEC10IETF,EQ,1643,1615,98.30
20,776,GSEC10YEAR,EQ,6,4,66.67
20,777,GSEC5IETF,EQ,4024,3257,80.94
20,778,GSFC,EQ,34305864,6181573,18.02
20,779,GSLSU,EQ,401667,176416,43.92
20,780,GSPL,EQ,4231364,1185154,28.01
20,781,GSS,EQ,7982,4486,56.20
20,782,GSTL,ST,5000,5000,100.00
20,783,GTL,EQ,6752086,3819090,56.56
20,784,GTLINFRA,EQ,63396164,38164419,60.20
20,785,GTPL,EQ,138236,67678,48.96
20,786,GUFICBIO,EQ,77391,42061,54.35
20,787,GUJALKALI,EQ,1228333,321451,26.17
20,788,GUJAPOLLO,EQ,270409,142681,52.76
20,789,GUJGASLTD,EQ,5898898,2042595,34.63
20,790,GULFOILLUB,EQ,134262,71465,53.23
20,791,GULPOLY,EQ,74581,40032,53.68
20,792,GVKPIL,EQ,1963600,1956100,99.62
20,793,HAL,EQ,1038164,363974,35.06
20,794,HAPPSTMNDS,EQ,300820,143984,47.86
20,795,HAPPYFORGE,EQ,421088,218425,51.87
20,796,HARDWYN,EQ,103741,64802,62.47
20,797,HARIOMPIPE,EQ,27594,15165,54.96
20,798,HARSHA,EQ,102212,60928,59.61
20,799,HATHWAY,EQ,9604307,3518461,36.63
20,800,HATSUN,EQ,20877,10790,51.68
20,801,HAVELLS,EQ,240757,100212,41.62
20,802,HBLPOWER,EQ,979687,462651,47.22
20,803,HCC,EQ,20359995,6487576,31.86
20,804,HCG,EQ,38014,16499,43.40
20,805,HCL-INSYS,EQ,1391715,809957,58.20
20,806,HCLTECH,EQ,1222315,561899,45.97
20,807,HDFCAMC,EQ,151964,67906,44.69
20,808,HDFCBANK,EQ,7119843,4416670,62.03
20,809,HDFCBSE500,EQ,24981,11889,47.59
20,810,HDFCGOLD,EQ,693631,523013,75.40
20,811,HDFCGROWTH,EQ,2591,1498,57.82
20,812,HDFCLIFE,EQ,1343888,767285,57.09
20,813,HDFCLIQUID,EQ,317,314,99.05
20,814,HDFCLOWVOL,EQ,22716,10788,47.49
20,815,HDFCMID150,EQ,438181,271647,61.99
20,816,HDFCMOMENT,EQ,27379,21360,78.02
20,817,HDFCNEXT50,EQ,6689,4234,63.30
20,818,HDFCNIF100,EQ,69488,55538,79.92
20,819,HDFCNIFBAN,EQ,2894,2145,74.12
20,820,HDFCNIFIT,EQ,4079,2131,52.24
20,821,HDFCNIFTY,EQ,35750,22696,63.49
20,822,HDFCPVTBAN,EQ,7333,5358,73.07
20,823,HDFCQUAL,EQ,3250,2368,72.86
20,824,HDFCSENSEX,EQ,2492,2068,82.99
20,825,HDFCSILVER,EQ,121232,105420,86.96
20,826,HDFCSML250,EQ,196012,158652,80.94
20,827,HDFCVALUE,EQ,5706,1983,34.75
20,828,HEADSUP,EQ,118394,76279,64.43
20,829,HEALTHIETF,EQ,11493,8950,77.87
20,830,HEALTHY,EQ,251745,158260,62.87
20,831,HEG,EQ,303300,89486,29.50
20,832,HEIDELBERG,EQ,216446,95093,43.93
20,833,HEMIPROP,EQ,626527,341169,54.45
20,834,HERANBA,EQ,483849,241622,49.94
20,835,HERCULES,EQ,74496,34905,46.85
20,836,HERITGFOOD,EQ,402989,224742,55.77
20,837,HEROMOTOCO,EQ,392408,121948,31.08
20,838,HESTERBIO,EQ,4061,2516,61.96
20,839,HEUBACHIND,EQ,54846,33400,60.90
20,840,HEXATRADEX,EQ,5267,3093,58.72
20,841,HFCL,EQ,39295978,12182955,31.00
20,842,HGINFRA,EQ,56257,32264,57.35
20,843,HGS,EQ,18753,11375,60.66
20,844,HIGREEN,SM,156800,81600,52.04
20,845,HIKAL,EQ,341901,174988,51.18
20,846,HIL,EQ,11508,6683,58.07
20,847,HILTON,EQ,1207573,377818,31.29
20,848,HIMATSEIDE,EQ,386488,183178,47.40
20,849,HINDALCO,EQ,2961919,1270789,42.90
20,850,HINDCOMPOS,EQ,14147,7611,53.80
20,851,HINDCOPPER,EQ,15856420,4634667,29.23
20,852,HINDMOTORS,EQ,1031381,777817,75.42
20,853,HINDOILEXP,EQ,1031941,398502,38.62
20,854,HINDPETRO,EQ,5801006,2496017,43.03
20,855,HINDUNILVR,EQ,526353,283398,53.84
20,856,HINDWAREAP,EQ,58046,24439,42.10
20,857,HINDZINC,EQ,579455,326175,56.29
20,858,HIRECT,EQ,15649,10105,64.57
20,859,HISARMETAL,EQ,28070,18929,67.43
20,860,HITECH,EQ,900241,495221,55.01
20,861,HITECHCORP,EQ,11067,5711,51.60
20,862,HITECHGEAR,EQ,42978,20796,48.39
20,863,HLEGLAS,EQ,58938,37009,62.79
20,864,HLVLTD,EQ,2204723,1310051,59.42
20,865,HMAAGRO,EQ,2567413,1737637,67.68
20,866,HMVL,EQ,100948,50908,50.43
20,867,HNDFDS,EQ,71467,33226,46.49
20,868,HNGSNGBEES,EQ,58376,40056,68.62
20,869,HOLMARC,SM,18000,15000,83.33
20,870,HOMEFIRST,EQ,84437,41856,49.57
20,871,HOMESFY,SM,2100,1800,85.71
20,872,HONASA,EQ,435620,241678,55.48
20,873,HONAUT,EQ,6084,2818,46.32
20,874,HONDAPOWER,EQ,8748,5210,59.56
20,875,HPAL,EQ,353808,170393,48.16
20,876,HPL,EQ,1847997,860618,46.57
20,877,HSCL,EQ,6026134,2849570,47.29
20,878,HTMEDIA,EQ,418507,181995,43.49
20,879,HUBTOWN,EQ,143828,95499,66.40
20,880,HUDCO,EQ,59160163,10246947,17.32
20,881,HUDCO,N2,270,145,53.70
20,882,HUDCO,N5,1484,573,38.61
20,883,HUDCO,N8,1,1,100.00
20,884,HUDCO,N9,736,721,97.96
20,885,HUDCO,ND,32,32,100.00
20,886,HUDCO,NE,864,595,68.87
20,887,HUHTAMAKI,EQ,131832,75103,56.97
20,888,IBREALEST,EQ,6232515,1994926,32.01
20,889,IBUCCREDIT,NB,30,30,100.00
20,890,IBUCCREDIT,NO,25,25,100.00
20,891,IBUCCREDIT,NS,27,17,62.96
20,892,IBULHSG,NB,5,5,100.00
20,893,IBULHSG,NV,529,483,91.30
20,894,IBULHSG,NZ,45,45,100.00
20,895,IBULHSG,Y1,50,50,100.00
20,896,IBULHSG,Y3,1,1,100.00
20,897,IBULHSG,Y5,5,5,100.00
20,898,IBULHSG,Y7,1,1,100.00
20,899,IBULHSG,YC,2,2,100.00
20,900,IBULHSG,YK,2,2,100.00
20,901,IBULHSG,YM,1,1,100.00
20,902,IBULHSGFIN,AB,1,1,100.00
20,903,IBULHSGFIN,AT,6,6,100.00
20,904,IBULHSGFIN,AX,129,129,100.00
20,905,IBULHSGFIN,BC,10,10,100.00
20,906,IBULHSGFIN,EQ,11686905,6534448,55.91
20,907,IBULHSGFIN,N0,71,71,100.00
20,908,IBULHSGFIN,NA,373,373,100.00
20,909,IBULHSGFIN,NO,410,400,97.56
20,910,IBULHSGFIN,NS,5,5,100.00
20,911,IBULHSGFIN,NT,21,21,100.00
20,912,IBULHSGFIN,Y5,1,1,100.00
20,913,IBULHSGFIN,Y6,90,55,61.11
20,914,IBULHSGFIN,YG,15,15,100.00
20,915,IBULHSGFIN,YK,2,2,100.00
20,916,IBULHSGFIN,YX,20,20,100.00
20,917,IBULHSGFIN,Z3,104,68,65.38
20,918,IBULHSGFIN,ZP,5,5,100.00
20,919,IBULHSGFIN,ZU,1,1,100.00
20,920,IBULHSGFIN,ZY,20,20,100.00
20,921,ICEMAKE,EQ,16251,11204,68.94
20,922,ICICIB22,EQ,1345075,1158286,86.11
20,923,ICICIBANK,EQ,7683792,4134924,53.81
20,924,ICICIGI,EQ,156358,59979,38.36
20,925,ICICIPRULI,EQ,1578322,1111528,70.42
20,926,ICIL,EQ,357148,188012,52.64
20,927,ICRA,EQ,2956,2004,67.79
20,928,IDBI,EQ,7511625,3699984,49.26
20,929,IDEA,EQ,1784392277,263969859,14.79
20,930,IDEAFORGE,EQ,50042,25039,50.04
20,931,IDFC,EQ,3714944,2026147,54.54
20,932,IDFCFIRSTB,EQ,34249920,17876633,52.19
20,933,IDFNIFTYET,EQ,593,473,79.76
20,934,IEX,EQ,29812120,9156490,30.71
20,935,IFBAGRO,EQ,81793,36708,44.88
20,936,IFBIND,EQ,29151,11989,41.13
20,937,IFCI,EQ,16660307,4524864,27.16
20,938,IFCI,NH,693,535,77.20
20,939,IFCI,NL,200,200,100.00
20,940,IFGLEXPOR,EQ,17939,12736,71.00
20,941,IGARASHI,EQ,29260,11727,40.08
20,942,IGL,EQ,2097206,807176,38.49
20,943,IGPL,EQ,153278,76938,50.20
20,944,IIFCL,N4,110,110,100.00
20,945,IIFL,EQ,755028,421850,55.87
20,946,IIFL,N7,130,130,100.00
20,947,IIFL,NC,1,1,100.00
20,948,IIFL,NF,2845,2245,78.91
20,949,IIFL,NG,10,10,100.00
20,950,IIFL,NL,371,371,100.00
20,951,IIFL,NM,150,150,100.00
20,952,IIFL,NN,100,100,100.00
20,953,IIFL,NO,420,420,100.00
20,954,IIFL,NP,40,40,100.00
20,955,IIFL,NQ,589,589,100.00
20,956,IIFL,NR,10,10,100.00
20,957,IIFL,NS,4645,4336,93.35
20,958,IIFL,NT,386,386,100.00
20,959,IIFL,NU,11,11,100.00
20,960,IIFL,NW,20,20,100.00
20,961,IIFL,NX,5,5,100.00
20,962,IIFL,NZ,150,150,100.00
20,963,IIFL,Y0,120,120,100.00
20,964,IIFLSAMFIN,N0,85,85,100.00
20,965,IIFLSAMFIN,N1,40,40,100.00
20,966,IIFLSAMFIN,N4,65,65,100.00
20,967,IIFLSAMFIN,N5,55,55,100.00
20,968,IIFLSEC,EQ,1100046,379512,34.50
20,969,IIHFL,N4,200,200,100.00
20,970,IIHFL,N5,2641,1914,72.47
20,971,IIHFL,N6,100,100,100.00
20,972,IIHFL,N7,8,8,100.00
20,973,IIHFL,N8,200,200,100.00
20,974,IIHFL,N9,440,440,100.00
20,975,IKIO,EQ,683759,465078,68.02
20,976,IMAGICAA,EQ,3704833,1508142,40.71
20,977,IMC1,N0,122,122,100.00
20,978,IMC1,N1,57,37,64.91
20,979,IMC1,N2,21,21,100.00
20,980,IMC1,N3,20,20,100.00
20,981,IMFA,EQ,288806,113464,39.29
20,982,IMPAL,EQ,4146,2361,56.95
20,983,IMPEXFERRO,EQ,16232,16232,100.00
20,984,INCREDFIN,N2,25,25,100.00
20,985,INCREDFIN,N3,1,1,100.00
20,986,INCREDFIN,N4,304,304,100.00
20,987,INDBANK,EQ,449107,215840,48.06
20,988,INDHOTEL,EQ,928581,431667,46.49
20,989,INDIACEM,EQ,3165280,1023082,32.32
20,990,INDIAGLYCO,EQ,1870068,431519,23.08
20,991,INDIAMART,EQ,92309,32102,34.78
20,992,INDIANB,EQ,2159907,1411539,65.35
20,993,INDIANCARD,EQ,6028,4402,73.03
20,994,INDIANHUME,EQ,47936,24676,51.48
20,995,INDIASHLTR,EQ,338263,142728,42.19
20,996,INDIFRA,ST,42000,42000,100.00
20,997,INDIGO,EQ,615820,262068,42.56
20,998,INDIGOPNTS,EQ,32780,15903,48.51
20,999,INDIGRID,IV,174874,167815,95.96
20,1000,INDIGRID,NJ,40,40,100.00
20,1001,INDIGRID,NL,50,50,100.00
20,1002,INDNIPPON,EQ,8462,3829,45.25
20,1003,INDOAMIN,EQ,1828184,808975,44.25
20,1004,INDOBORAX,EQ,241060,137961,57.23
20,1005,INDOCO,EQ,54880,27837,50.72
20,1006,INDORAMA,EQ,174502,111584,63.94
20,1007,INDOTECH,EQ,3271,3271,100.00
20,1008,INDOTHAI,EQ,3047,1401,45.98
20,1009,INDSWFTLAB,EQ,519168,303885,58.53
20,1010,INDTERRAIN,EQ,69894,43638,62.43
20,1011,INDUSINDBK,EQ,1341121,548895,40.93
20,1012,INDUSTOWER,EQ,25210453,5978721,23.72
20,1013,INFIBEAM,EQ,20090727,7350849,36.59
20,1014,INFINIUM,SM,8500,5500,64.71
20,1015,INFOBEAN,EQ,53979,31806,58.92
20,1016,INFOLLION,SM,27200,20800,76.47
20,1017,INFRABEES,EQ,9311,7886,84.70
20,1018,INFRAIETF,EQ,26272,23186,88.25
20,1019,INFY,EQ,2808451,1447369,51.54
20,1020,INGERRAND,EQ,14577,7631,52.35
20,1021,INNOVACAP,EQ,3492240,1121631,32.12
20,1022,INNOVANA,SM,4400,3600,81.82
20,1023,INNOVATIVE,SM,84000,84000,100.00
20,1024,INOXGREEN,EQ,10273705,5118052,49.82
20,1025,INOXINDIA,EQ,395867,215622,54.47
20,1026,INOXWIND,EQ,2443885,1549099,63.39
20,1027,INSECTICID,EQ,7819,4820,61.64
20,1028,INSPIRE,SM,18000,18000,100.00
20,1029,INTELLECT,EQ,111419,46126,41.40
20,1030,INTENTECH,EQ,266301,163482,61.39
20,1031,INTLCONV,EQ,371465,185506,49.94
20,1032,INVENTURE,EQ,3227355,1875000,58.10
20,1033,IOB,EQ,12879177,3587625,27.86
20,1034,IOC,EQ,18629028,8739702,46.91
20,1035,IOLCP,EQ,437166,170104,38.91
20,1036,IONEXCHANG,EQ,147210,76067,51.67
20,1037,IPCALAB,EQ,254640,96793,38.01
20,1038,IPL,EQ,766710,300723,39.22
20,1039,IRB,EQ,20165348,8060043,39.97
20,1040,IRBINVIT,IV,123756,105051,84.89
20,1041,IRCON,EQ,17625826,7275627,41.28
20,1042,IRCTC,EQ,9040913,2357694,26.08
20,1043,IREDA,EQ,49275011,18571739,37.69
20,1044,IREDA,N1,1,1,100.00
20,1045,IREDA,N4,1,1,100.00
20,1046,IREDA,N6,1,1,100.00
20,1047,IREDA,N7,30,30,100.00
20,1048,IRFC,EQ,102849848,29679475,28.86
20,1049,IRFC,N2,119,119,100.00
20,1050,IRFC,N4,260,201,77.31
20,1051,IRFC,NA,160,159,99.38
20,1052,IRFC,NE,1,1,100.00
20,1053,IRFC,NI,65,65,100.00
20,1054,IRFC,NJ,501,501,100.00
20,1055,IRFC,NK,456,456,100.00
20,1056,IRFC,NO,1228,1000,81.43
20,1057,IRIS,EQ,52614,34205,65.01
20,1058,IRISDOREME,EQ,506809,168321,33.21
20,1059,IRMENERGY,EQ,227444,118172,51.96
20,1060,ISEC,EQ,230557,132335,57.40
20,1061,ISFT,EQ,11061,5878,53.14
20,1062,ISGEC,EQ,82290,43391,52.73
20,1063,ISHAN,ST,52800,49600,93.94
20,1064,ISMTLTD,EQ,258167,147027,56.95
20,1065,ITBEES,EQ,4456432,2935637,65.87
20,1066,ITC,EQ,9346277,5465510,58.48
20,1067,ITDC,EQ,83245,33225,39.91
20,1068,ITDCEM,EQ,699875,299405,42.78
20,1069,ITETF,EQ,23171,12352,53.31
20,1070,ITI,EQ,2622245,494392,18.85
20,1071,ITIETF,EQ,3218767,2679602,83.25
20,1072,IVP,EQ,17259,10068,58.33
20,1073,IVZINGOLD,EQ,34,24,70.59
20,1074,IVZINNIFTY,EQ,5,5,100.00
20,1075,JAGRAN,EQ,280628,165974,59.14
20,1076,JAGSNPHARM,EQ,39749,25454,64.04
20,1077,JAICORPLTD,EQ,2193195,853428,38.91
20,1078,JAINAM,SM,4000,4000,100.00
20,1079,JAIPURKURT,EQ,60880,34544,56.74
20,1080,JALAN,ST,3000,3000,100.00
20,1081,JAMNAAUTO,EQ,828008,476159,57.51
20,1082,JASH,EQ,6854,4989,72.79
20,1083,JAYAGROGN,EQ,30972,13257,42.80
20,1084,JAYBARMARU,EQ,1298419,570307,43.92
20,1085,JAYNECOIND,EQ,508134,356554,70.17
20,1086,JAYSREETEA,EQ,209208,130533,62.39
20,1087,JBCHEPHARM,EQ,126077,71583,56.78
20,1088,JBMA,EQ,971472,274564,28.26
20,1089,JCHAC,EQ,9015,3845,42.65
20,1090,JETFREIGHT,EQ,135807,84558,62.26
20,1091,JFLLIFE,SM,16000,14000,87.50
20,1092,JHS,EQ,214482,175079,81.63
20,1093,JINDALPHOT,EQ,7333,3845,52.43
20,1094,JINDALPOLY,EQ,101552,47956,47.22
20,1095,JINDALSAW,EQ,1587727,753991,47.49
20,1096,JINDALSTEL,EQ,1153090,456631,39.60
20,1097,JINDRILL,EQ,46417,20773,44.75
20,1098,JINDWORLD,EQ,66274,29384,44.34
20,1099,JIOFIN,EQ,7919961,4830228,60.99
20,1100,JISLDVREQS,EQ,16556,13268,80.14
20,1101,JISLJALEQS,EQ,1704975,918809,53.89
20,1102,JIWANRAM,SM,6000,6000,100.00
20,1103,J&KBANK,EQ,4601461,2220392,48.25
20,1104,JKCEMENT,EQ,118855,70598,59.40
20,1105,JKIL,EQ,391645,141946,36.24
20,1106,JKLAKSHMI,EQ,140374,66097,47.09
20,1107,JKPAPER,EQ,417724,200608,48.02
20,1108,JKTYRE,EQ,1238508,508944,41.09
20,1109,JLHL,EQ,37891,22565,59.55
20,1110,JMA,EQ,69437,55887,80.49
20,1111,JMFINANCIL,EQ,4803515,1780391,37.06
20,1112,JOCIL,EQ,17124,10768,62.88
20,1113,JPASSOCIAT,EQ,42625553,24197069,56.77
20,1114,JPOLYINVST,EQ,6047,3517,58.16
20,1115,JPPOWER,EQ,155062165,86704462,55.92
20,1116,JSL,EQ,1272725,701918,55.15
20,1117,JSLL,ST,28620,25560,89.31
20,1118,JSWENERGY,EQ,1840554,945365,51.36
20,1119,JSWHL,EQ,2204,961,43.60
20,1120,JSWINFRA,EQ,4134909,2227481,53.87
20,1121,JSWSTEEL,EQ,778184,273498,35.15
20,1122,JTEKTINDIA,EQ,706257,310329,43.94
20,1123,JTLIND,EQ,996857,520134,52.18
20,1124,JUBLFOOD,EQ,1135356,614841,54.15
20,1125,JUBLINDS,EQ,14877,6801,45.71
20,1126,JUBLINGREA,EQ,251387,104120,41.42
20,1127,JUBLPHARMA,EQ,2182903,645391,29.57
20,1128,JUNIORBEES,EQ,366729,214540,58.50
20,1129,JUSTDIAL,EQ,314165,94104,29.95
20,1130,JWL,EQ,608036,404901,66.59
20,1131,JYOTHYLAB,EQ,1467656,475388,32.39
20,1132,KABRAEXTRU,EQ,72273,40230,55.66
20,1133,KAJARIACER,EQ,121064,60047,49.60
20,1134,KAKATCEM,EQ,14413,7475,51.86
20,1135,KALAMANDIR,EQ,1053348,604687,57.41
20,1136,KALYANKJIL,EQ,2369504,1076394,45.43
20,1137,KAMATHOTEL,EQ,38851,27874,71.75
20,1138,KAMDHENU,EQ,156244,57685,36.92
20,1139,KAMOPAINTS,EQ,319596,67795,21.21
20,1140,KANANIIND,EQ,657094,544904,82.93
20,1141,KANDARP,SM,16000,12000,75.00
20,1142,KANORICHEM,EQ,78717,44522,56.56
20,1143,KANPRPLA,EQ,4986,3791,76.03
20,1144,KANSAINER,EQ,210502,113622,53.98
20,1145,KARNIKA,SM,200000,116800,58.40
20,1146,KARURVYSYA,EQ,2367444,1052185,44.44
20,1147,KAYA,EQ,10671,7160,67.10
20,1148,KAYNES,EQ,74461,43737,58.74
20,1149,KBCGLOBAL,EQ,10951851,7728440,70.57
20,1150,KCP,EQ,247322,123683,50.01
20,1151,KDDL,EQ,9104,5261,57.79
20,1152,KDL,SM,2400,2400,100.00
20,1153,KEC,EQ,1043801,606039,58.06
20,1154,KECL,EQ,108900,61199,56.20
20,1155,KEI,EQ,147099,68662,46.68
20,1156,KEL,SM,42000,33600,80.00
20,1157,KELLTONTEC,EQ,1096611,498836,45.49
20,1158,KESORAMIND,EQ,709149,349238,49.25
20,1159,KFINTECH,EQ,608311,345971,56.87
20,1160,KHAICHEM,EQ,1434383,681229,47.49
20,1161,KHAITANLTD,EQ,6898,2720,39.43
20,1162,KHANDSE,EQ,22219,15150,68.18
20,1163,KHFM,SM,31000,9300,30.00
20,1164,KICL,EQ,2782,1399,50.29
20,1165,KILITCH,EQ,9016,5523,61.26
20,1166,KIMS,EQ,64419,36412,56.52
20,1167,KINGFA,EQ,15172,8750,57.67
20,1168,KIOCL,EQ,1614760,501397,31.05
20,1169,KIRIINDUS,EQ,475419,200583,42.19
20,1170,KIRLOSBROS,EQ,50045,36650,73.23
20,1171,KIRLOSENG,EQ,86230,51110,59.27
20,1172,KIRLOSIND,EQ,2564,1523,59.40
20,1173,KIRLPNU,EQ,72650,36663,50.47
20,1174,KITEX,EQ,70509,38966,55.26
20,1175,KKCL,EQ,89231,34806,39.01
20,1176,KMSUGAR,EQ,286200,147295,51.47
20,1177,KNAGRI,SM,25600,4000,15.63
20,1178,KNRCON,EQ,565805,331514,58.59
20,1179,KODYTECH,SM,25600,22400,87.50
20,1180,KOKUYOCMLN,EQ,66108,34496,52.18
20,1181,KOLTEPATIL,EQ,489911,117612,24.01
20,1182,KONTOR,SM,18000,14400,80.00
20,1183,KOPRAN,EQ,356833,184377,51.67
20,1184,KORE,SM,12500,10500,84.00
20,1185,KOTAKALPHA,EQ,390208,250650,64.23
20,1186,KOTAKBANK,EQ,1425902,587673,41.21
20,1187,KOTAKBKETF,EQ,4713,3330,70.66
20,1188,KOTAKCONS,EQ,1029,606,58.89
20,1189,KOTAKGOLD,EQ,189096,163779,86.61
20,1190,KOTAKIT,EQ,27924,17642,63.18
20,1191,KOTAKLIQ,EQ,9280,5325,57.38
20,1192,KOTAKLOVOL,EQ,20272,8152,40.21
20,1193,KOTAKMID50,EQ,47289,31614,66.85
20,1194,KOTAKMNC,EQ,20126,12000,59.62
20,1195,KOTAKNIFTY,EQ,21007,15282,72.75
20,1196,KOTAKNV20,EQ,11514,6487,56.34
20,1197,KOTAKPSUBK,EQ,9176,4370,47.62
20,1198,KOTAKSILVE,EQ,11839,9486,80.13
20,1199,KOTARISUG,EQ,172921,106218,61.43
20,1200,KOTHARIPET,EQ,111294,57768,51.91
20,1201,KOTHARIPRO,EQ,12540,9153,72.99
20,1202,KOTYARK,SM,73000,51600,70.68
20,1203,KPIGREEN,EQ,766532,327021,42.66
20,1204,KPIL,EQ,620474,146841,23.67
20,1205,KPITTECH,EQ,813082,524111,64.46
20,1206,KPRMILL,EQ,218813,134807,61.61
20,1207,KRBL,EQ,492945,244571,49.61
20,1208,KREBSBIO,EQ,10809,8174,75.62
20,1209,KRIDHANINF,EQ,32351,32351,100.00
20,1210,KRISHANA,EQ,63927,43794,68.51
20,1211,KRISHCA,SM,22500,16500,73.33
20,1212,KRISHNADEF,SM,5500,3500,63.64
20,1213,KRITI,EQ,45326,26751,59.02
20,1214,KRITINUT,EQ,67328,33289,49.44
20,1215,KRSNAA,EQ,165208,131163,79.39
20,1216,KSB,EQ,17176,5405,31.47
20,1217,KSCL,EQ,1093664,185034,16.92
20,1218,KSL,EQ,1667364,439120,26.34
20,1219,KSOLVES,EQ,212583,77497,36.45
20,1220,KTKBANK,EQ,1000035,483514,48.35
20,1221,KUANTUM,EQ,76010,48405,63.68
20,1222,LAGNAM,EQ,93358,54300,58.16
20,1223,LAL,EQ,10778,4884,45.31
20,1224,LALPATHLAB,EQ,97108,36262,37.34
20,1225,LAMBODHARA,EQ,11802,7092,60.09
20,1226,LANDMARK,EQ,31040,15132,48.75
20,1227,LAOPALA,EQ,202327,120156,59.39
20,1228,LASA,EQ,641279,314973,49.12
20,1229,LATENTVIEW,EQ,386502,161396,41.76
20,1230,LATTEYS,EQ,43603,33580,77.01
20,1231,LAURUSLABS,EQ,2368738,944722,39.88
20,1232,LAXMICOT,EQ,55790,37595,67.39
20,1233,LAXMIMACH,EQ,2901,1544,53.22
20,1234,LCCINFOTEC,EQ,203468,146956,72.23
20,1235,LEMERITE,SM,8000,6400,80.00
20,1236,LEMONTREE,EQ,1627367,913358,56.12
20,1237,LFIC,EQ,16705,12386,74.15
20,1238,LGBBROSLTD,EQ,15358,7429,48.37
20,1239,LGBFORGE,EQ,369634,242381,65.57
20,1240,LIBAS,EQ,1047780,686984,65.57
20,1241,LIBERTSHOE,EQ,54144,25102,46.36
20,1242,LICHSGFIN,EQ,6193413,1935329,31.25
20,1243,LICI,EQ,6424762,2335253,36.35
20,1244,LICMFGOLD,EQ,169,117,69.23
20,1245,LICNETFGSC,EQ,46549,35507,76.28
20,1246,LICNETFN50,EQ,221,162,73.30
20,1247,LICNETFSEN,EQ,555,254,45.77
20,1248,LICNFNHGP,EQ,699,419,59.94
20,1249,LIKHITHA,EQ,187219,106324,56.79
20,1250,LINC,EQ,45304,28256,62.37
20,1251,LINCOLN,EQ,127053,50579,39.81
20,1252,LINDEINDIA,EQ,24094,10396,43.15
20,1253,LIQUID,EQ,58836,33836,57.51
20,1254,LIQUIDBEES,EQ,2224313,1974280,88.76
20,1255,LIQUIDETF,EQ,359855,225265,62.60
20,1256,LIQUIDIETF,EQ,392395,162993,41.54
20,1257,LIQUIDSBI,EQ,1288,1164,90.37
20,1258,LLOYDS,SM,5000,5000,100.00
20,1259,LLOYDSME,EQ,150418,68344,45.44
20,1260,LODHA,EQ,407624,85077,20.87
20,1261,LOKESHMACH,EQ,44225,27230,61.57
20,1262,LORDSCHLO,EQ,93611,42440,45.34
20,1263,LOTUSEYE,EQ,12043,9073,75.34
20,1264,LOVABLE,EQ,50816,20764,40.86
20,1265,LOWVOL,EQ,227,183,80.62
20,1266,LOWVOLIETF,EQ,18037,15059,83.49
20,1267,LOYALTEX,EQ,1137,729,64.12
20,1268,LRRPL,SM,18000,15000,83.33
20,1269,LT,EQ,777080,428707,55.17
20,1270,L&TFH,EQ,3461469,1270265,36.70
20,1271,L&TFIN,N1,293,293,100.00
20,1272,L&TFIN,NJ,569,568,99.82
20,1273,L&TFIN,NL,576,457,79.34
20,1274,L&TFIN,NN,217,200,92.17
20,1275,LTFOODS,EQ,627392,274328,43.73
20,1276,LTGILTBEES,EQ,1456042,1454464,99.89
20,1277,LTIM,EQ,166927,62861,37.66
20,1278,LTTS,EQ,73532,24905,33.87
20,1279,LUMAXIND,EQ,3885,1916,49.32
20,1280,LUMAXTECH,EQ,87713,45557,51.94
20,1281,LUPIN,EQ,854557,462020,54.07
20,1282,LUXIND,EQ,84687,59004,69.67
20,1283,LXCHEM,EQ,723592,330123,45.62
20,1284,MAANALU,EQ,281192,177199,63.02
20,1285,MADHAV,EQ,47523,33119,69.69
20,1286,MADHAVBAUG,SM,9600,9600,100.00
20,1287,MADHUSUDAN,SM,26000,20000,76.92
20,1288,MADRASFERT,EQ,5792701,1480198,25.55
20,1289,MAFANG,EQ,403094,295943,73.42
20,1290,MAGADSUGAR,EQ,28077,14226,50.67
20,1291,MAGNUM,EQ,143346,95326,66.50
20,1292,MAGSON,SM,20000,14000,70.00
20,1293,MAHABANK,EQ,12901280,5331912,41.33
20,1294,MAHAPEXLTD,EQ,19642,8157,41.53
20,1295,MAHASTEEL,EQ,20494,12309,60.06
20,1296,MAHEPC,EQ,96487,47950,49.70
20,1297,MAHESHWARI,EQ,111460,74267,66.63
20,1298,MAHICKRA,SM,13500,12000,88.89
20,1299,MAHKTECH,EQ,4007284,2859422,71.36
20,1300,MAHLIFE,EQ,142879,100525,70.36
20,1301,MAHLOG,EQ,210516,112645,53.51
20,1302,MAHSCOOTER,EQ,7722,4479,58.00
20,1303,MAHSEAMLES,EQ,93031,51958,55.85
20,1304,MAITHANALL,EQ,86303,36011,41.73
20,1305,MAITREYA,SM,28800,14400,50.00
20,1306,MAKEINDIA,EQ,14106,10736,76.11
20,1307,MAKS,ST,6000,4500,75.00
20,1308,MAL,SM,28800,22400,77.78
20,1309,MALLCOM,EQ,14167,6035,42.60
20,1310,MALUPAPER,EQ,922018,552155,59.89
20,1311,MANAKALUCO,EQ,294929,121456,41.18
20,1312,MANAKSIA,EQ,121138,71071,58.67
20,1313,MANAKSTEEL,EQ,215003,139684,64.97
20,1314,MANALIPETC,EQ,1203015,680902,56.60
20,1315,MANAPPURAM,EQ,3600254,1508421,41.90
20,1316,MANGALAM,EQ,53804,36472,67.79
20,1317,MANGCHEFER,EQ,2602448,1063401,40.86
20,1318,MANGLMCEM,EQ,104790,63317,60.42
20,1319,MANINDS,EQ,1014930,508606,50.11
20,1320,MANINFRA,EQ,2349304,1326408,56.46
20,1321,MANKIND,EQ,97989,52999,54.09
20,1322,MANOMAY,EQ,4012,1771,44.14
20,1323,MANORAMA,EQ,79744,50948,63.89
20,1324,MANORG,EQ,14607,7053,48.29
20,1325,MANYAVAR,EQ,86359,57170,66.20
20,1326,MAPMYINDIA,EQ,256823,117212,45.64
20,1327,MARALOVER,EQ,14986,9381,62.60
20,1328,MARATHON,EQ,24810,12347,49.77
20,1329,MARCO,SM,27000,21000,77.78
20,1330,MARICO,EQ,965961,558322,57.80
20,1331,MARINETRAN,SM,84000,56000,66.67
20,1332,MARKSANS,EQ,1139751,598340,52.50
20,1333,MARSHALL,EQ,376879,263156,69.83
20,1334,MARUTI,EQ,411724,255206,61.98
20,1335,MASFIN,EQ,38124,16019,42.02
20,1336,MASPTOP50,EQ,77498,53679,69.27
20,1337,MASTEK,EQ,37873,17641,46.58
20,1338,MASTER,SM,3000,3000,100.00
20,1339,MATRIMONY,EQ,26701,11698,43.81
20,1340,MAWANASUG,EQ,135558,68539,50.56
20,1341,MAXESTATES,EQ,51483,25326,49.19
20,1342,MAXHEALTH,EQ,222961,105989,47.54
20,1343,MAXIND,EQ,2914371,795531,27.30
20,1344,MAYURUNIQ,EQ,30349,15392,50.72
20,1345,MAZDA,EQ,8905,3801,42.68
20,1346,MAZDOCK,EQ,870417,220045,25.28
20,1347,MBAPL,EQ,43081,36040,83.66
20,1348,MCDOWELL-N,EQ,563368,197719,35.10
20,1349,MCL,EQ,125086,82920,66.29
20,1350,MCON,SM,5000,5000,100.00
20,1351,MCX,EQ,326803,120900,36.99
20,1352,MDL,SM,6000,6000,100.00
20,1353,MEDANTA,EQ,138433,76565,55.31
20,1354,MEDICAMEQ,EQ,15742,9906,62.93
20,1355,MEDICO,EQ,251276,95055,37.83
20,1356,MEDPLUS,EQ,72431,35279,48.71
20,1357,MEGASTAR,EQ,8770,4932,56.24
20,1358,MENONBE,EQ,157384,75184,47.77
20,1359,METROBRAND,EQ,43847,26057,59.43
20,1360,METROPOLIS,EQ,106392,31686,29.78
20,1361,MFSL,EQ,180805,66501,36.78
20,1362,MGEL,EQ,149902,99624,66.46
20,1363,MGL,EQ,301407,71553,23.74
20,1364,MHHL,SM,7500,6000,80.00
20,1365,MHRIL,EQ,164633,79862,48.51
20,1366,MICROPRO,SM,51200,43200,84.38
20,1367,MID150BEES,EQ,596557,359453,60.25
20,1368,MIDCAPETF,EQ,391486,311866,79.66
20,1369,MIDCAPIETF,EQ,90962,75217,82.69
20,1370,MIDHANI,EQ,562351,250391,44.53
20,1371,MIDSELIETF,EQ,5993,5170,86.27
20,1372,MINDACORP,EQ,178572,81817,45.82
20,1373,MINDPOOL,ST,1000,1000,100.00
20,1374,MINDSPACE,RR,105027,75866,72.23
20,1375,MINDTECK,EQ,80224,33530,41.80
20,1376,MIRZAINT,EQ,340584,173908,51.06
20,1377,MITCON,EQ,9330,6397,68.56
20,1378,MITTAL,EQ,3629980,2344325,64.58
20,1379,MKPL,EQ,6312701,2161602,34.24
20,1380,M&M,EQ,1307485,611782,46.79
20,1381,M&MFIN,EQ,2472769,1179316,47.69
20,1382,M&MFIN,N1,10,10,100.00
20,1383,M&MFIN,N2,409,214,52.32
20,1384,M&MFIN,N3,12,12,100.00
20,1385,MMFL,EQ,46943,25591,54.52
20,1386,MMP,EQ,49713,28671,57.67
20,1387,MMTC,EQ,3479993,1477960,42.47
20,1388,MODISONLTD,EQ,111647,59570,53.36
20,1389,MOGSEC,EQ,30786,29211,94.88
20,1390,MOHEALTH,EQ,32237,17419,54.03
20,1391,MOHITIND,EQ,18585,14680,78.99
20,1392,MOIL,EQ,1851325,749037,40.46
20,1393,MOL,EQ,1073166,431276,40.19
20,1394,MOLDTECH,EQ,90843,48116,52.97
20,1395,MOLDTKPAC,EQ,120610,87664,72.68
20,1396,MOLOWVOL,EQ,40370,36836,91.25
20,1397,MOM100,EQ,211423,125329,59.28
20,1398,MOM30IETF,EQ,117607,107052,91.03
20,1399,MOM50,EQ,1480,862,58.24
20,1400,MOMENTUM,EQ,17770,10854,61.08
20,1401,MOMOMENTUM,EQ,32213,17500,54.33
20,1402,MON100,EQ,356508,199613,55.99
20,1403,MONARCH,EQ,161663,50712,31.37
20,1404,MONIFTY500,EQ,328791,273151,83.08
20,1405,MONOPHARMA,SM,24000,24000,100.00
20,1406,MONQ50,EQ,30069,17676,58.78
20,1407,MONTECARLO,EQ,39551,27444,69.39
20,1408,MOQUALITY,EQ,332,301,90.66
20,1409,MORARJEE,EQ,31225,20905,66.95
20,1410,MOREPENLAB,EQ,4923303,1709123,34.71
20,1411,MOS,SM,19200,12800,66.67
20,1412,MOTHERSON,EQ,52712410,18218093,34.56
20,1413,MOTILALOFS,EQ,169397,90094,53.19
20,1414,MOTOGENFIN,EQ,414951,188952,45.54
20,1415,MOVALUE,EQ,158866,141310,88.95
20,1416,MOXSH,SM,1600,1600,100.00
20,1417,MPHASIS,EQ,252020,122886,48.76
20,1418,MPSLTD,EQ,8040,4403,54.76
20,1419,MRF,EQ,9043,1885,20.84
20,1420,MRO-TEK,EQ,35547,19937,56.09
20,1421,MRPL,EQ,1384128,435252,31.45
20,1422,MSTCLTD,EQ,854820,240554,28.14
20,1423,MSUMI,EQ,8090211,3444472,42.58
20,1424,MTARTECH,EQ,171546,87684,51.11
20,1425,MTNL,EQ,9782114,3190283,32.61
20,1426,MUFIN,EQ,85105,51053,59.99
20,1427,MUFTI,EQ,1380728,649495,47.04
20,1428,MUKANDLTD,EQ,411749,172651,41.93
20,1429,MUNJALAU,EQ,1072210,522699,48.75
20,1430,MUNJALSHOW,EQ,193167,94835,49.09
20,1431,MUTHOOTCAP,EQ,44720,28729,64.24
20,1432,MUTHOOTFIN,EQ,373747,283906,75.96
20,1433,MUTHOOTMF,EQ,685885,352048,51.33
20,1434,MVGJL,EQ,80117,44137,55.09
20,1435,MWL,SM,54000,51600,95.56
20,1436,NABARD,N1,30,0,0.00
20,1437,NABARD,N2,480,480,100.00
20,1438,NACLIND,EQ,433567,229401,52.91
20,1439,NAGAFERT,EQ,9278437,5637728,60.76
20,1440,NAHARCAP,EQ,64797,30046,46.37
20,1441,NAHARINDUS,EQ,47119,23972,50.88
20,1442,NAHARPOLY,EQ,34771,15938,45.84
20,1443,NAHARSPING,EQ,66648,31796,47.71
20,1444,NAM-INDIA,EQ,472726,235879,49.90
20,1445,NARMADA,EQ,67396,45191,67.05
20,1446,NATCOPHARM,EQ,535166,257514,48.12
20,1447,NATHBIOGEN,EQ,72724,46276,63.63
20,1448,NATIONALUM,EQ,43783940,10453720,23.88
20,1449,NAUKRI,EQ,106346,51268,48.21
20,1450,NAVA,EQ,353224,146594,41.50
20,1451,NAVIFIN,N0,217,217,100.00
20,1452,NAVIFIN,N4,5,5,100.00
20,1453,NAVIFIN,N5,245,245,100.00
20,1454,NAVIFIN,N8,6,6,100.00
20,1455,NAVINFLUOR,EQ,70286,24806,35.29
20,1456,NAVINIFTY,EQ,162,151,93.21
20,1457,NAVKARCORP,EQ,858678,337758,39.33
20,1458,NAVNETEDUL,EQ,234484,133452,56.91
20,1459,NAZARA,EQ,150596,58395,38.78
20,1460,NBCC,EQ,10161058,4124436,40.59
20,1461,NBIFIN,EQ,366,288,78.69
20,1462,NCC,EQ,2716433,1464250,53.90
20,1463,NCLIND,EQ,189580,136628,72.07
20,1464,NDLVENTURE,EQ,9382,5362,57.15
20,1465,NDTV,EQ,1526570,467062,30.60
20,1466,NECLIFE,EQ,1101293,470347,42.71
20,1467,NELCAST,EQ,218341,83650,38.31
20,1468,NELCO,EQ,80462,38854,48.29
20,1469,NEOGEN,EQ,40297,29426,73.02
20,1470,NESCO,EQ,64044,31735,49.55
20,1471,NESTLEIND,EQ,131610,51741,39.31
20,1472,NETF,EQ,2406,885,36.78
20,1473,NETWEB,EQ,44682,31099,69.60
20,1474,NETWORK18,EQ,4707765,1791452,38.05
20,1475,NEULANDLAB,EQ,11762,7878,66.98
20,1476,NEWJAISA,SM,33000,15000,45.45
20,1477,NEXT50,EQ,8828,8356,94.65
20,1478,NEXT50IETF,EQ,124662,111599,89.52
20,1479,NFL,EQ,49001301,9054185,18.48
20,1480,NGIL,EQ,33671,24019,71.33
20,1481,NGLFINE,EQ,6648,2961,44.54
20,1482,NH,EQ,160775,73658,45.81
20,1483,NHAI,N2,1107,1102,99.55
20,1484,NHAI,N4,20,20,100.00
20,1485,NHAI,N6,3862,3832,99.22
20,1486,NHAI,N8,150,150,100.00
20,1487,NHAI,NA,274,224,81.75
20,1488,NHAI,NE,3161,2252,71.24
20,1489,NHBTF2014,N6,388,166,42.78
20,1490,NHBTF2023,N6,30,30,100.00
20,1491,NHIT,N1,827,777,93.95
20,1492,NHIT,N2,99,85,85.86
20,1493,NHIT,N3,95,84,88.42
20,1494,NHPC,EQ,33495776,12851264,38.37
20,1495,NHPC,N5,2,2,100.00
20,1496,NHPC,N6,45,45,100.00
20,1497,NIACL,EQ,1222181,408252,33.40
20,1498,NIDAN,SM,31000,26000,83.87
20,1499,NIDO,N5,114,114,100.00
20,1500,NIDO,N6,35,35,100.00
20,1501,NIF100BEES,EQ,12425,5859,47.15
20,1502,NIF100IETF,EQ,7743,6521,84.22
20,1503,NIFMID150,EQ,1142,852,74.61
20,1504,NIFTYBEES,EQ,3301679,1816801,55.03
20,1505,NIFTYETF,EQ,14729,7361,49.98
20,1506,NIFTYIETF,EQ,182670,96136,52.63
20,1507,NIFTYQLITY,EQ,51513,29157,56.60
20,1508,NIITLTD,EQ,273860,143096,52.25
20,1509,NIITMTS,EQ,127116,83490,65.68
20,1510,NILAINFRA,EQ,3897495,1499450,38.47
20,1511,NILKAMAL,EQ,2886,1693,58.66
20,1512,NINSYS,EQ,3840,1976,51.46
20,1513,NIPPOBATRY,EQ,11019,5737,52.06
20,1514,NIRAJ,EQ,109017,79573,72.99
20,1515,NIRMAN,SM,12600,10200,80.95
20,1516,NITINSPIN,EQ,119208,45233,37.94
20,1517,NLCINDIA,EQ,5471005,2056698,37.59
20,1518,NMDC,EQ,17205283,7161815,41.63
20,1519,NOCIL,EQ,1089155,492053,45.18
20,1520,NPBET,EQ,908,435,47.91
20,1521,NPST,ST,21000,20000,95.24
20,1522,NRAIL,EQ,24842,11509,46.33
20,1523,NRBBEARING,EQ,1949664,498482,25.57
20,1524,NRL,EQ,37035,23893,64.51
20,1525,NSIL,EQ,4562,2556,56.03
20,1526,NSLNISP,EQ,8438622,4033094,47.79
20,1527,NTPC,EQ,8024960,4243910,52.88
20,1528,NTPC,N5,123,123,100.00
20,1529,NTPC,N7,68833,68818,99.98
20,1530,NTPC,NB,1,1,100.00
20,1531,NTPC,NC,50,50,100.00
20,1532,NURECA,EQ,64876,33976,52.37
20,1533,NUVAMA,EQ,15641,7581,48.47
20,1534,NUVOCO,EQ,276052,168051,60.88
20,1535,NV20BEES,EQ,8490,6690,78.80
20,1536,NV20IETF,EQ,56272,33417,59.38
20,1537,NXST,RR,40910,27895,68.19
20,1538,NYKAA,EQ,2822724,1245808,44.13
20,1539,OAL,EQ,68844,25464,36.99
20,1540,OBCL,EQ,129685,67110,51.75
20,1541,OBEROIRLTY,EQ,158437,58603,36.99
20,1542,OCCL,EQ,24171,15529,64.25
20,1543,OFSS,EQ,363086,180189,49.63
20,1544,OIL,EQ,2440997,874843,35.84
20,1545,OILCOUNTUB,EQ,12975,12975,100.00
20,1546,OLECTRA,EQ,4636805,1027123,22.15
20,1547,OLIL,SM,2400,2400,100.00
20,1548,OMAXAUTO,EQ,105032,86843,82.68
20,1549,OMAXE,EQ,127033,90061,70.90
20,1550,OMFURN,SM,7200,7200,100.00
20,1551,ONDOOR,SM,888600,703200,79.14
20,1552,ONEPOINT,EQ,3016046,1638061,54.31
20,1553,ONGC,EQ,4820168,2110142,43.78
20,1554,ONMOBILE,EQ,735398,313393,42.62
20,1555,ONWARDTEC,EQ,119931,67390,56.19
20,1556,OPTIEMUS,EQ,166794,82192,49.28
20,1557,ORBTEXP,EQ,16716,15151,90.64
20,1558,ORCHPHARMA,EQ,202195,123621,61.14
20,1559,ORIANA,SM,85500,59100,69.12
20,1560,ORICONENT,EQ,7402819,3097204,41.84
20,1561,ORIENTALTL,EQ,61191,50073,81.83
20,1562,ORIENTBELL,EQ,35329,20103,56.90
20,1563,ORIENTCEM,EQ,4178309,2146776,51.38
20,1564,ORIENTCER,EQ,106878,66905,62.60
20,1565,ORIENTELEC,EQ,281652,157615,55.96
20,1566,ORIENTHOT,EQ,345398,188928,54.70
20,1567,ORIENTLTD,EQ,17316,13305,76.84
20,1568,ORIENTPPR,EQ,1267810,587587,46.35
20,1569,ORISSAMINE,EQ,30739,8414,27.37
20,1570,ORTINLAB,EQ,58519,39677,67.80
20,1571,OSIAHYPER,EQ,2166439,381733,17.62
20,1572,OSWALAGRO,EQ,168532,90128,53.48
20,1573,OSWALGREEN,EQ,974688,527436,54.11
20,1574,OSWALSEEDS,EQ,63635,49728,78.15
20,1575,PAGEIND,EQ,12899,5364,41.58
20,1576,PAISALO,EQ,853193,491423,57.60
20,1577,PAKKA,EQ,351287,191054,54.39
20,1578,PALREDTEC,EQ,130050,77867,59.87
20,1579,PANACEABIO,EQ,790422,269127,34.05
20,1580,PANACHE,EQ,70378,60390,85.81
20,1581,PANAMAPET,EQ,142051,78047,54.94
20,1582,PANSARI,EQ,4536,3132,69.05
20,1583,PAR,EQ,7782,5700,73.25
20,1584,PARACABLES,EQ,509723,331972,65.13
20,1585,PARADEEP,EQ,6594178,2561338,38.84
20,1586,PARAGMILK,EQ,374403,204084,54.51
20,1587,PARAGON,SM,141600,98400,69.49
20,1588,PARAS,EQ,1078451,286139,26.53
20,1589,PARTYCRUS,SM,52000,28000,53.85
20,1590,PASUPTAC,EQ,225396,135405,60.07
20,1591,PATANJALI,EQ,345140,201742,58.45
20,1592,PATELENG,EQ,19161359,7139904,37.26
20,1593,PATINTLOG,EQ,1467187,803342,54.75
20,1594,PAVNAIND,EQ,2770,1601,57.80
20,1595,PAYTM,EQ,3043220,1666821,54.77
20,1596,PCBL,EQ,1126270,510514,45.33
20,1597,PCHFL,N6,350,350,100.00
20,1598,PCHFL,N8,220,220,100.00
20,1599,PCHFL,NA,20,20,100.00
20,1600,PCJEWELLER,EQ,12865002,5494484,42.71
20,1601,PDMJEPAPER,EQ,316994,159303,50.25
20,1602,PDSL,EQ,92968,72257,77.72
20,1603,PEARLPOLY,EQ,95511,49904,52.25
20,1604,PEL,EQ,1044566,434674,41.61
20,1605,PEL,N0,555,555,100.00
20,1606,PEL,N1,40,40,100.00
20,1607,PEL,N2,36,36,100.00
20,1608,PEL,N3,140,130,92.86
20,1609,PENIND,EQ,1213599,422979,34.85
20,1610,PENINLAND,EQ,474627,303195,63.88
20,1611,PENTAGOLD,SZ,39000,38400,98.46
20,1612,PENTAGON,SM,8000,7000,87.50
20,1613,PERFECT,SM,30000,30000,100.00
20,1614,PERSISTENT,EQ,140396,56106,39.96
20,1615,PETRONET,EQ,4150472,1702870,41.03
20,1616,PFC,EQ,15293334,4347865,28.43
20,1617,PFC,N3,40,40,100.00
20,1618,PFC,N5,655,653,99.69
20,1619,PFC,N8,255,255,100.00
20,1620,PFIZER,EQ,10807,6033,55.82
20,1621,PFOCUS,EQ,101385,48660,48.00
20,1622,PFS,EQ,5339333,2385566,44.68
20,1623,PGEL,EQ,10984,5574,50.75
20,1624,PGHH,EQ,4860,2292,47.16
20,1625,PGHL,EQ,5865,3125,53.28
20,1626,PGINVIT,IV,1619529,1396795,86.25
20,1627,PHANTOMFX,SM,42600,28800,67.61
20,1628,PHARMABEES,EQ,2533276,1741045,68.73
20,1629,PHOENIXLTD,EQ,102062,39000,38.21
20,1630,PIDILITIND,EQ,130958,69703,53.23
20,1631,PIGL,EQ,105186,85650,81.43
20,1632,PIIND,EQ,415257,299024,72.01
20,1633,PILANIINVS,EQ,3272,2138,65.34
20,1634,PILITA,EQ,1540653,1099657,71.38
20,1635,PITTIENG,EQ,103766,44554,42.94
20,1636,PIXTRANS,EQ,10918,6027,55.20
20,1637,PLADAINFO,SM,222000,165000,74.32
20,1638,PLASTIBLEN,EQ,63842,40800,63.91
20,1639,PNB,EQ,55329198,13975352,25.26
20,1640,PNBGILTS,EQ,1752490,357028,20.37
20,1641,PNBHOUSING,EQ,144151,51649,35.83
20,1642,PNC,EQ,58269,36190,62.11
20,1643,PNCINFRA,EQ,145384,80813,55.59
20,1644,POCL,EQ,43194,19990,46.28
20,1645,PODDARMENT,EQ,18626,12827,68.87
20,1646,POKARNA,EQ,43766,18140,41.45
20,1647,POLICYBZR,EQ,694439,408815,58.87
20,1648,POLYCAB,EQ,146403,61563,42.05
20,1649,POLYMED,EQ,34960,17770,50.83
20,1650,POLYPLEX,EQ,297852,109762,36.85
20,1651,PONNIERODE,EQ,15098,6415,42.49
20,1652,POONAWALLA,EQ,607106,292872,48.24
20,1653,POWERGRID,EQ,5952776,3000033,50.40
20,1654,POWERINDIA,EQ,29028,10019,34.51
20,1655,POWERMECH,EQ,152607,63606,41.68
20,1656,PPAP,EQ,52056,30791,59.15
20,1657,PPL,EQ,99965,59977,60.00
20,1658,PPLPHARMA,EQ,3223669,1669951,51.80
20,1659,PRAJIND,EQ,385363,168251,43.66
20,1660,PRAKASHSTL,EQ,7002876,3455025,49.34
20,1661,PRECAM,EQ,634759,196059,30.89
20,1662,PRECISION,SM,10000,8000,80.00
20,1663,PRECOT,EQ,16976,13852,81.60
20,1664,PRECWIRE,EQ,591105,257807,43.61
20,1665,PREMEXPLN,EQ,26569,14321,53.90
20,1666,PRESSTONIC,ST,139200,132800,95.40
20,1667,PRESTIGE,EQ,826558,627980,75.98
20,1668,PRICOLLTD,EQ,154368,70754,45.83
20,1669,PRIMESECU,EQ,32743,29082,88.82
20,1670,PRINCEPIPE,EQ,364598,121000,33.19
20,1671,PRITIKA,SM,4000,4000,100.00
20,1672,PRITIKAUTO,EQ,918374,558853,60.85
20,1673,PRIVISCL,EQ,27082,11722,43.28
20,1674,PROLIFE,SM,5000,4500,90.00
20,1675,PROPEQUITY,SM,15600,15600,100.00
20,1676,PROV,SM,3680,3360,91.30
20,1677,PROZONER,EQ,455532,233193,51.19
20,1678,PRSMJOHNSN,EQ,801146,223261,27.87
20,1679,PRUDENT,EQ,26897,12741,47.37
20,1680,PSB,EQ,1663927,738806,44.40
20,1681,PSPPROJECT,EQ,38836,21507,55.38
20,1682,PSUBNKBEES,EQ,4271292,3680517,86.17
20,1683,PSUBNKIETF,EQ,222856,96947,43.50
20,1684,PTC,EQ,4175516,1378129,33.00
20,1685,PTCIL,EQ,11712,8405,71.76
20,1686,PTL,EQ,686051,327458,47.73
20,1687,PULZ,SM,4000,4000,100.00
20,1688,PUNJABCHEM,EQ,12108,6932,57.25
20,1689,PURVA,EQ,333603,129671,38.87
20,1690,PVRINOX,EQ,327117,160351,49.02
20,1691,PVTBANIETF,EQ,329394,308475,93.65
20,1692,PYRAMID,EQ,99401,57270,57.62
20,1693,QFIL,SM,1000,1000,100.00
20,1694,QGOLDHALF,EQ,218230,177372,81.28
20,1695,QMSMEDI,SM,6000,5000,83.33
20,1696,QNIFTY,EQ,348,191,54.89
20,1697,QUADPRO,SM,84000,72000,85.71
20,1698,QUAL30IETF,EQ,12327,11960,97.02
20,1699,QUESS,EQ,288707,125541,43.48
20,1700,QUICKHEAL,EQ,171126,52973,30.96
20,1701,QUICKTOUCH,SM,49000,39500,80.61
20,1702,RACE,EQ,11195,7830,69.94
20,1703,RADAAN,EQ,200786,199140,99.18
20,1704,RADHIKAJWE,EQ,420242,282523,67.23
20,1705,RADIANTCMS,EQ,302721,179196,59.20
20,1706,RADICO,EQ,432273,281896,65.21
20,1707,RADIOCITY,EQ,1978639,499705,25.25
20,1708,RADIOCITY,P1,3157,3157,100.00
20,1709,RAILTEL,EQ,31508799,4734987,15.03
20,1710,RAIN,EQ,2540235,1558379,61.35
20,1711,RAINBOW,EQ,234465,143294,61.12
20,1712,RAJESHEXPO,EQ,1160006,511571,44.10
20,1713,RAJMET,EQ,43418025,22813378,52.54
20,1714,RAJRATAN,EQ,35387,21227,59.99
20,1715,RAJSREESUG,EQ,1709139,912899,53.41
20,1716,RAJTV,EQ,57354,35242,61.45
20,1717,RALLIS,EQ,395073,181498,45.94
20,1718,RAMANEWS,EQ,536360,269478,50.24
20,1719,RAMAPHO,EQ,93564,45061,48.16
20,1720,RAMASTEEL,EQ,2395363,661701,27.62
20,1721,RAMCOCEM,EQ,373757,227964,60.99
20,1722,RAMCOIND,EQ,146707,66164,45.10
20,1723,RAMCOSYS,EQ,88238,40893,46.34
20,1724,RAMKY,EQ,204620,133046,65.02
20,1725,RAMRAT,EQ,62389,36340,58.25
20,1726,RANASUG,EQ,1303404,628954,48.25
20,1727,RANEENGINE,EQ,8032,5821,72.47
20,1728,RANEHOLDIN,EQ,13816,5153,37.30
20,1729,RATEGAIN,EQ,143026,55782,39.00
20,1730,RATNAMANI,EQ,37970,15375,40.49
20,1731,RATNAVEER,EQ,2068232,671192,32.45
20,1732,RAYMOND,EQ,94041,51173,54.42
20,1733,RBA,EQ,4304347,2853809,66.30
20,1734,RBL,EQ,17778,7781,43.77
20,1735,RBLBANK,EQ,8540993,2706077,31.68
20,1736,RBMINFRA,SM,47000,24000,51.06
20,1737,RCDL,SM,42000,30000,71.43
20,1738,RCF,EQ,30315307,7577117,24.99
20,1739,RECLTD,EQ,12660166,3474819,27.45
20,1740,RECLTD,N2,42,42,100.00
20,1741,RECLTD,N9,1083,964,89.01
20,1742,RECLTD,NA,5,5,100.00
20,1743,RECLTD,NB,18,18,100.00
20,1744,RECLTD,NE,122,122,100.00
20,1745,RECLTD,NF,20,20,100.00
20,1746,RECLTD,NI,5,5,100.00
20,1747,REDINGTON,EQ,747804,409642,54.78
20,1748,REDTAPE,EQ,278101,143572,51.63
20,1749,REFEX,EQ,91422,67561,73.90
20,1750,RELAXO,EQ,73356,37452,51.06
20,1751,RELIANCE,EQ,2015270,877801,43.56
20,1752,RELIGARE,EQ,591562,292780,49.49
20,1753,RELINFRA,EQ,4870790,2615436,53.70
20,1754,REMUS,SM,4050,3250,80.25
20,1755,RENUKA,EQ,7332647,2933447,40.01
20,1756,REPCOHOME,EQ,216041,115159,53.30
20,1757,REPL,EQ,13227,10047,75.96
20,1758,REPRO,EQ,64107,14056,21.93
20,1759,RESPONIND,EQ,86501,59610,68.91
20,1760,REXPIPES,SM,4000,4000,100.00
20,1761,RGL,EQ,46191,25771,55.79
20,1762,RHFL,EQ,897988,897988,100.00
20,1763,RHIM,EQ,116521,64601,55.44
20,1764,RHL,EQ,24162,13898,57.52
20,1765,RICHA,SM,2000,2000,100.00
20,1766,RICOAUTO,EQ,449273,222298,49.48
20,1767,RIIL,EQ,1895271,432487,22.82
20,1768,RILINFRA,SM,110800,68400,61.73
20,1769,RISHABH,EQ,160629,50328,31.33
20,1770,RITCO,EQ,28977,15204,52.47
20,1771,RITES,EQ,745956,291127,39.03
20,1772,RITEZONE,SM,6400,6400,100.00
20,1773,RKEC,EQ,93854,39833,42.44
20,1774,RKFORGE,EQ,183636,116727,63.56
20,1775,RMDRIP,SM,4000,4000,100.00
20,1776,RML,EQ,8374,4289,51.22
20,1777,ROCKINGDCE,SM,20000,15000,75.00
20,1778,ROHLTD,EQ,54680,34585,63.25
20,1779,ROLEXRINGS,EQ,12411,5611,45.21
20,1780,ROML,EQ,3372,2557,75.83
20,1781,ROSSARI,EQ,38226,19872,51.99
20,1782,ROSSELLIND,EQ,45118,26377,58.46
20,1783,ROTO,EQ,132170,56973,43.11
20,1784,ROUTE,EQ,685849,256598,37.41
20,1785,ROXHITECH,SM,132800,81600,61.45
20,1786,RPGLIFE,EQ,26845,12988,48.38
20,1787,RPOWER,EQ,146057646,37187185,25.46
20,1788,RPPL,EQ,116521,78967,67.77
20,1789,RPSGVENT,EQ,85597,47853,55.90
20,1790,RRKABEL,EQ,63970,31957,49.96
20,1791,RSSOFTWARE,EQ,57556,40822,70.93
20,1792,RSWM,EQ,124844,69276,55.49
20,1793,RSYSTEMS,EQ,40855,18297,44.79
20,1794,RTNINDIA,EQ,3827836,1184253,30.94
20,1795,RTNPOWER,EQ,42534871,22865116,53.76
20,1796,RUBYMILLS,EQ,52810,26370,49.93
20,1797,RUCHIRA,EQ,65154,39443,60.54
20,1798,RUPA,EQ,531503,187141,35.21
20,1799,RUSHIL,EQ,133720,70780,52.93
20,1800,RUSTOMJEE,EQ,33566,21694,64.63
20,1801,RVHL,EQ,441665,334661,75.77
20,1802,RVNL,EQ,13833701,5011990,36.23
20,1803,SAAKSHI,SM,93600,78000,83.33
20,1804,SADHNANIQ,EQ,2257680,1097164,48.60
20,1805,SAFARI,EQ,239503,101871,42.53
20,1806,SAGARDEEP,EQ,651773,261843,40.17
20,1807,SAGCEM,EQ,7125295,1207675,16.95
20,1808,SAH,EQ,68999,29045,42.09
20,1809,SAHAJ,SM,32000,32000,100.00
20,1810,SAHANA,SM,118000,57000,48.31
20,1811,SAHYADRI,EQ,10742,6442,59.97
20,1812,SAIFL,ST,500800,498400,99.52
20,1813,SAIL,EQ,37525817,10385145,27.67
20,1814,SAKAR,EQ,29760,17270,58.03
20,1815,SAKHTISUG,EQ,650982,298525,45.86
20,1816,SAKUMA,EQ,2978702,2164491,72.67
20,1817,SALASAR,EQ,1230677,832451,67.64
20,1818,SALONA,EQ,688,484,70.35
20,1819,SALZERELEC,EQ,544071,182321,33.51
20,1820,SAMHI,EQ,428516,229597,53.58
20,1821,SAMPANN,EQ,5048,5048,100.00
20,1822,SANDESH,EQ,2771,1960,70.73
20,1823,SANDHAR,EQ,43483,19265,44.30
20,1824,SANDUMA,EQ,107137,75374,70.35
20,1825,SANGAMIND,EQ,43400,19727,45.45
20,1826,SANGANI,SM,6000,6000,100.00
20,1827,SANGHIIND,EQ,232908,136376,58.55
20,1828,SANGHVIMOV,EQ,89563,42997,48.01
20,1829,SANGINITA,EQ,3354485,1234594,36.80
20,1830,SANOFI,EQ,7384,3723,50.42
20,1831,SANSERA,EQ,347483,159229,45.82
20,1832,SAPPHIRE,EQ,19605,8172,41.68
20,1833,SARDAEN,EQ,275334,138747,50.39
20,1834,SAREGAMA,EQ,193230,99201,51.34
20,1835,SARLAPOLY,EQ,584589,283423,48.48
20,1836,SARTELE,SM,112000,58000,51.79
20,1837,SARVESHWAR,EQ,13370643,9141784,68.37
20,1838,SASKEN,EQ,110681,31155,28.15
20,1839,SASTASUNDR,EQ,37309,15708,42.10
20,1840,SATIA,EQ,547920,246156,44.93
20,1841,SATIN,EQ,1046121,539523,51.57
20,1842,SATINDLTD,EQ,459255,246155,53.60
20,1843,SBC,EQ,860008,493763,57.41
20,1844,SBCL,EQ,1530364,376810,24.62
20,1845,SBFC,EQ,837996,539770,64.41
20,1846,SBGLP,EQ,74337,16911,22.75
20,1847,SBICARD,EQ,1091156,623738,57.16
20,1848,SBIETFCON,EQ,5953,3110,52.24
20,1849,SBIETFIT,EQ,9397,5002,53.23
20,1850,SBIETFPB,EQ,6400,5826,91.03
20,1851,SBIETFQLTY,EQ,2031,1242,61.15
20,1852,SBILIFE,EQ,158288,53179,33.60
20,1853,SBIN,EQ,8295548,3822880,46.08
20,1854,SCHAEFFLER,EQ,25957,13701,52.78
20,1855,SCHAND,EQ,43566,25112,57.64
20,1856,SCHNEIDER,EQ,163037,95358,58.49
20,1857,SCI,EQ,5380004,1753346,32.59
20,1858,SCML,SM,26000,22000,84.62
20,1859,SCPL,EQ,10750,6073,56.49
20,1860,SDBL,EQ,174848,80600,46.10
20,1861,SDL24BEES,EQ,5442,5188,95.33
20,1862,SDL26BEES,EQ,746,632,84.72
20,1863,SEAMECLTD,EQ,145712,60942,41.82
20,1864,SECMARK,EQ,34521,10154,29.41
20,1865,SECURCRED,EQ,91028,66239,72.77
20,1866,SECURKLOUD,EQ,307277,189884,61.80
20,1867,SEL,SM,5600,5600,100.00
20,1868,SELAN,EQ,49217,20843,42.35
20,1869,SENCO,EQ,112187,50634,45.13
20,1870,SENSEXETF,EQ,6328,4409,69.67
20,1871,SENSEXIETF,EQ,1465,1081,73.79
20,1872,SEPC,EQ,8301927,5641110,67.95
20,1873,SEQUENT,EQ,1063720,353130,33.20
20,1874,SERVICE,SM,6000,6000,100.00
20,1875,SESHAPAPER,EQ,41156,16391,39.83
20,1876,SETF10GILT,EQ,25150,20803,82.72
20,1877,SETFGOLD,EQ,620124,538928,86.91
20,1878,SETFNIF50,EQ,390707,303634,77.71
20,1879,SETFNIFBK,EQ,44297,36048,81.38
20,1880,SETFNN50,EQ,14597,7427,50.88
20,1881,SFL,EQ,51567,26276,50.96
20,1882,SGBAPR28I,GB,196,182,92.86
20,1883,SGBAUG24,GB,124,115,92.74
20,1884,SGBAUG27,GB,169,137,81.07
20,1885,SGBAUG28V,GB,1437,1237,86.08
20,1886,SGBAUG29V,GB,192,165,85.94
20,1887,SGBAUG30,GB,67,65,97.01
20,1888,SGBD29VIII,GB,130,108,83.08
20,1889,SGBDC27VII,GB,1,1,100.00
20,1890,SGBDE30III,GB,305,266,87.21
20,1891,SGBDEC26,GB,1,1,100.00
20,1892,SGBFEB24,GB,11,11,100.00
20,1893,SGBFEB27,GB,3,3,100.00
20,1894,SGBFEB28IX,GB,127,127,100.00
20,1895,SGBFEB29XI,GB,216,202,93.52
20,1896,SGBJ28VIII,GB,210,210,100.00
20,1897,SGBJAN29IX,GB,278,248,89.21
20,1898,SGBJAN29X,GB,100,100,100.00
20,1899,SGBJAN30IX,GB,537,441,82.12
20,1900,SGBJU29III,GB,568,466,82.04
20,1901,SGBJUL25,GB,54,54,100.00
20,1902,SGBJUL27,GB,27,27,100.00
20,1903,SGBJUL28IV,GB,352,198,56.25
20,1904,SGBJUL29IV,GB,61,56,91.80
20,1905,SGBJUN28,GB,124,118,95.16
20,1906,SGBJUN29II,GB,16,13,81.25
20,1907,SGBJUN30,GB,429,353,82.28
20,1908,SGBJUN31I,GB,1628,1324,81.33
20,1909,SGBMAR24,GB,10,7,70.00
20,1910,SGBMAR25,GB,50,48,96.00
20,1911,SGBMAR30X,GB,319,274,85.89
20,1912,SGBMAR31IV,GB,358,255,71.23
20,1913,SGBMAY25,GB,10,10,100.00
20,1914,SGBMAY26,GB,40,27,67.50
20,1915,SGBMAY28,GB,438,325,74.20
20,1916,SGBMAY29I,GB,600,511,85.17
20,1917,SGBMR29XII,GB,425,278,65.41
20,1918,SGBN28VIII,GB,215,127,59.07
20,1919,SGBNOV24,GB,43,34,79.07
20,1920,SGBNOV25IX,GB,24,20,83.33
20,1921,SGBNOV25VI,GB,18,16,88.89
20,1922,SGBNOV26,GB,19,19,100.00
20,1923,SGBNV29VII,GB,182,143,78.57
20,1924,SGBOC28VII,GB,172,136,79.07
20,1925,SGBOCT25V,GB,13,13,100.00
20,1926,SGBOCT26,GB,31,22,70.97
20,1927,SGBOCT27,GB,49,38,77.55
20,1928,SGBOCT27VI,GB,91,91,100.00
20,1929,SGBSEP24,GB,35,35,100.00
20,1930,SGBSEP27,GB,23,23,100.00
20,1931,SGBSEP28VI,GB,206,128,62.14
20,1932,SGBSEP29VI,GB,914,719,78.67
20,1933,SGBSEP31II,GB,4774,4199,87.96
20,1934,SGIL,EQ,20341,14941,73.45
20,1935,SGL,EQ,89259,72168,80.85
20,1936,SHAHALLOYS,EQ,42809,25778,60.22
20,1937,SHAILY,EQ,19566,13073,66.81
20,1938,SHAKTIPUMP,EQ,73169,30811,42.11
20,1939,SHALBY,EQ,166482,76738,46.09
20,1940,SHALPAINTS,EQ,92641,58827,63.50
20,1941,SHANKARA,EQ,104454,67420,64.55
20,1942,SHANTHALA,SM,16800,14400,85.71
20,1943,SHANTI,EQ,7102,6252,88.03
20,1944,SHANTIGEAR,EQ,52154,21874,41.94
20,1945,SHARDACROP,EQ,146963,65223,44.38
20,1946,SHARDAMOTR,EQ,35035,17969,51.29
20,1947,SHAREINDIA,EQ,141818,54220,38.23
20,1948,SHAREINDIA,W1,923,883,95.67
20,1949,SHARIABEES,EQ,1819,1095,60.20
20,1950,SHEETAL,SM,82000,38000,46.34
20,1951,SHEMAROO,EQ,45165,27205,60.23
20,1952,SHERA,SM,89000,67000,75.28
20,1953,SHIGAN,SM,94500,88500,93.65
20,1954,SHILPAMED,EQ,873814,433588,49.62
20,1955,SHIVALIK,EQ,52701,29418,55.82
20,1956,SHIVAMILLS,EQ,16460,11393,69.22
20,1957,SHIVATEX,EQ,9117,4755,52.16
20,1958,SHK,EQ,318597,182897,57.41
20,1959,SHOPERSTOP,EQ,23971,12856,53.63
20,1960,SHREDIGCEM,EQ,2418057,1057069,43.72
20,1961,SHREECEM,EQ,5760,2269,39.39
20,1962,SHREEOSFM,ST,388000,312000,80.41
20,1963,SHREEPUSHK,EQ,71634,32147,44.88
20,1964,SHREYAS,EQ,77461,40697,52.54
20,1965,SHRIPISTON,EQ,265688,177384,66.76
20,1966,SHRIRAMFIN,EQ,304722,156238,51.27
20,1967,SHRIRAMFIN,YI,54,54,100.00
20,1968,SHRIRAMFIN,YV,606,605,99.83
20,1969,SHRIRAMFIN,YW,482,482,100.00
20,1970,SHRIRAMFIN,YY,487,487,100.00
20,1971,SHRIRAMFIN,YZ,368,368,100.00
20,1972,SHRIRAMFIN,Z2,725,724,99.86
20,1973,SHRIRAMFIN,Z8,206,200,97.09
20,1974,SHRIRAMFIN,ZC,67,67,100.00
20,1975,SHRIRAMFIN,ZE,69,58,84.06
20,1976,SHRIRAMFIN,ZF,100,100,100.00
20,1977,SHRIRAMFIN,ZH,816,521,63.85
20,1978,SHRIRAMPPS,EQ,2673318,1053562,39.41
20,1979,SHRITECH,SM,18000,16000,88.89
20,1980,SHUBHLAXMI,SM,28000,18000,64.29
20,1981,SHYAMCENT,EQ,338059,208286,61.61
20,1982,SHYAMMETL,EQ,2400493,1426780,59.44
20,1983,SHYAMTEL,EQ,4130,4130,100.00
20,1984,SIEMENS,EQ,127992,52994,41.40
20,1985,SIGACHI,EQ,779361,441867,56.70
20,1986,SIGMA,EQ,61696,37194,60.29
20,1987,SIGNATURE,EQ,493277,222254,45.06
20,1988,SILGO,EQ,34489,23204,67.28
20,1989,SILINV,EQ,13184,7046,53.44
20,1990,SILVER,EQ,58726,41130,70.04
20,1991,SILVERBEES,EQ,1371577,1128302,82.26
20,1992,SILVERETF,EQ,77021,68496,88.93
20,1993,SILVERIETF,EQ,106958,85228,79.68
20,1994,SILVERTUC,EQ,8158,7121,87.29
20,1995,SILVRETF,EQ,1939,982,50.64
20,1996,SIMBHALS,EQ,223094,160176,71.80
20,1997,SINDHUTRAD,EQ,12041580,4471007,37.13
20,1998,SINTERCOM,EQ,1614,1057,65.49
20,1999,SIRCA,EQ,239672,156457,65.28
20,2000,SIS,EQ,85202,44793,52.57
20,2001,SIYSIL,EQ,44676,25756,57.65
20,2002,SJLOGISTIC,ST,107000,93000,86.92
20,2003,SJS,EQ,109719,49408,45.03
20,2004,SJVN,EQ,24607805,9647971,39.21
20,2005,SKFINDIA,EQ,32986,26690,80.91
20,2006,SKIPPER,EQ,419964,198301,47.22
20,2007,SKMEGGPROD,EQ,229324,141242,61.59
20,2008,SKP,SM,79500,66500,83.65
20,2009,SKYGOLD,EQ,46708,26250,56.20
20,2010,SMARTLINK,EQ,20834,12295,59.01
20,2011,SMCGLOBAL,EQ,205028,106095,51.75
20,2012,SMLISUZU,EQ,49400,14548,29.45
20,2013,SMLT,EQ,66623,24500,36.77
20,2014,SMSLIFE,EQ,2239,1532,68.42
20,2015,SMSPHARMA,EQ,66305,49689,74.94
20,2016,SMVD,SM,36360,36360,100.00
20,2017,SNOWMAN,EQ,3552626,1270427,35.76
20,2018,SOBHA,EQ,529962,160503,30.29
20,2019,SOLARA,EQ,170308,78938,46.35
20,2020,SOLARINDS,EQ,40189,19325,48.09
20,2021,SOLEX,SM,5200,3400,65.38
20,2022,SOMANYCERA,EQ,31394,19176,61.08
20,2023,SONACOMS,EQ,2080698,841678,40.45
20,2024,SONATSOFTW,EQ,1066481,507889,47.62
20,2025,SONUINFRA,SM,120000,108000,90.00
20,2026,SOTL,EQ,104795,48113,45.91
20,2027,SOUTHBANK,EQ,16170722,6761995,41.82
20,2028,SPAL,EQ,18739,9651,51.50
20,2029,SPANDANA,EQ,228291,99226,43.46
20,2030,SPARC,EQ,7510877,1912620,25.46
20,2031,SPCENET,EQ,10606675,5544386,52.27
20,2032,SPECIALITY,EQ,57902,29179,50.39
20,2033,SPECTRUM,SM,8250,7250,87.88
20,2034,SPECTSTM,SM,28800,24000,83.33
20,2035,SPENCERS,EQ,274936,150314,54.67
20,2036,SPIC,EQ,7279682,2448195,33.63
20,2037,SPLIL,EQ,71842,36654,51.02
20,2038,SPLPETRO,EQ,38797,23946,61.72
20,2039,SPORTKING,EQ,28012,14837,52.97
20,2040,SPRL,ST,1600,1600,100.00
20,2041,SREEL,EQ,161926,38731,23.92
20,2042,SRF,EQ,158733,63256,39.85
20,2043,SRGHFL,EQ,2361,1025,43.41
20,2044,SRHHYPOLTD,EQ,26588,14042,52.81
20,2045,SRIVASAVI,SM,10000,7000,70.00
20,2046,SSFL,SM,13000,13000,100.00
20,2047,SSINFRA,SZ,18000,18000,100.00
20,2048,SSWL,EQ,593982,205565,34.61
20,2049,STAR,EQ,423707,205068,48.40
20,2050,STARCEMENT,EQ,415872,189349,45.53
20,2051,STARHEALTH,EQ,537965,276367,51.37
20,2052,STARPAPER,EQ,32390,16954,52.34
20,2053,STCINDIA,EQ,264383,79662,30.13
20,2054,STEELCAS,EQ,46097,27061,58.70
20,2055,STEELCITY,EQ,48221,26632,55.23
20,2056,STEELXIND,EQ,8219731,5758604,70.06
20,2057,STEL,EQ,13708,8278,60.39
20,2058,STERTOOLS,EQ,142137,61237,43.08
20,2059,STLTECH,EQ,3569274,1292268,36.21
20,2060,STOVEKRAFT,EQ,251438,140565,55.90
20,2061,STYLAMIND,EQ,61035,23498,38.50
20,2062,STYRENIX,EQ,16763,9884,58.96
20,2063,SUBEXLTD,EQ,10931501,4137084,37.85
20,2064,SUBROS,EQ,410614,249697,60.81
20,2065,SUDARSCHEM,EQ,142165,60215,42.36
20,2066,SUKHJITS,EQ,18414,11189,60.76
20,2067,SULA,EQ,609500,270556,44.39
20,2068,SUMICHEM,EQ,507213,380142,74.95
20,2069,SUMMITSEC,EQ,5927,3714,62.66
20,2070,SUNDARMFIN,EQ,12983,5020,38.67
20,2071,SUNDARMHLD,EQ,105057,59606,56.74
20,2072,SUNDRMBRAK,EQ,3037,1952,64.27
20,2073,SUNDRMFAST,EQ,28369,13552,47.77
20,2074,SUNFLAG,EQ,497003,163283,32.85
20,2075,SUNPHARMA,EQ,733452,373106,50.87
20,2076,SUNREST,SM,14400,11200,77.78
20,2077,SUNTECK,EQ,375299,219868,58.58
20,2078,SUNTV,EQ,311339,55297,17.76
20,2079,SUPERHOUSE,EQ,32594,15685,48.12
20,2080,SUPRAJIT,EQ,455553,181637,39.87
20,2081,SUPREMEIND,EQ,78967,48859,61.87
20,2082,SUPREMEPWR,ST,1322000,1214000,91.83
20,2083,SUPRIYA,EQ,468284,148090,31.62
20,2084,SURAJEST,EQ,231475,78150,33.76
20,2085,SURANI,SM,16000,13600,85.00
20,2086,SURYALAXMI,EQ,53107,38090,71.72
20,2087,SURYAROSNI,EQ,3418275,687241,20.10
20,2088,SURYODAY,EQ,246326,133094,54.03
20,2089,SUTLEJTEX,EQ,246475,130954,53.13
20,2090,SUVEN,EQ,529987,336727,63.53
20,2091,SUVENPHAR,EQ,207098,76130,36.76
20,2092,SWANENERGY,EQ,3015852,1093870,36.27
20,2093,SWARAJ,SM,5000,5000,100.00
20,2094,SWARAJENG,EQ,4770,2717,56.96
20,2095,SWASTIK,SM,13200,8400,63.64
20,2096,SWELECTES,EQ,532407,140557,26.40
20,2097,SWSOLAR,EQ,2852672,1752236,61.42
20,2098,SYMPHONY,EQ,40043,25242,63.04
20,2099,SYNCOMF,EQ,11076082,6339145,57.23
20,2100,SYNGENE,EQ,487675,255146,52.32
20,2101,SYNOPTICS,SM,4800,4800,100.00
20,2102,SYRMA,EQ,366596,127072,34.66
20,2103,SYSTANGO,SM,38000,24000,63.16
20,2104,TAINWALCHM,EQ,45778,23703,51.78
20,2105,TAJGVK,EQ,70758,36272,51.26
20,2106,TAKE,EQ,256821,155002,60.35
20,2107,TANLA,EQ,507337,162157,31.96
20,2108,TAPIFRUIT,SM,2250,1500,66.67
20,2109,TARACHAND,SM,18000,13000,72.22
20,2110,TARC,EQ,467556,287326,61.45
20,2111,TARMAT,EQ,288423,158182,54.84
20,2112,TARSONS,EQ,115773,62620,54.09
20,2113,TASTYBITE,EQ,2698,1364,50.56
20,2114,TATACAPHSG,N4,70,70,100.00
20,2115,TATACAPHSG,N6,225,225,100.00
20,2116,TATACHEM,EQ,1851611,563650,30.44
20,2117,TATACOFFEE,EQ,791548,278247,35.15
20,2118,TATACOMM,EQ,381834,170073,44.54
20,2119,TATACONSUM,EQ,936544,311780,33.29
20,2120,TATAELXSI,EQ,34849,13724,39.38
20,2121,TATAINVEST,EQ,42603,16564,38.88
20,2122,TATAMETALI,EQ,128077,85208,66.53
20,2123,TATAMOTORS,EQ,12570717,2930814,23.31
20,2124,TATAMTRDVR,EQ,1087850,393036,36.13
20,2125,TATAPOWER,EQ,10096386,4132463,40.93
20,2126,TATASTEEL,EQ,21186105,9435252,44.54
20,2127,TATATECH,EQ,794228,440787,55.50
20,2128,TATVA,EQ,30038,15508,51.63
20,2129,TBZ,EQ,207456,70919,34.19
20,2130,TCI,EQ,21768,11457,52.63
20,2131,TCIEXP,EQ,18225,11534,63.29
20,2132,TCNSBRANDS,EQ,157131,50318,32.02
20,2133,TCPLPACK,EQ,8376,2996,35.77
20,2134,TCS,EQ,825907,421397,51.02
20,2135,TDPOWERSYS,EQ,427118,158010,36.99
20,2136,TEAMLEASE,EQ,32085,8942,27.87
20,2137,TECH,EQ,12183,5586,45.85
20,2138,TECHLABS,ST,944000,908000,96.19
20,2139,TECHM,EQ,1776828,855289,48.14
20,2140,TECHNOE,EQ,398770,123498,30.97
20,2141,TEGA,EQ,94544,40295,42.62
20,2142,TEJASNET,EQ,344732,171193,49.66
20,2143,TEMBO,EQ,63797,18799,29.47
20,2144,TERASOFT,EQ,79335,33288,41.96
20,2145,TEXINFRA,EQ,821746,375610,45.71
20,2146,TEXMOPIPES,EQ,82700,50624,61.21
20,2147,TEXRAIL,EQ,3354534,1705306,50.84
20,2148,TFCILTD,EQ,6003790,2364683,39.39
20,2149,THANGAMAYL,EQ,109742,73763,67.21
20,2150,THEINVEST,EQ,23809,20892,87.75
20,2151,THEJO,EQ,2193,1070,48.79
20,2152,THEMISMED,EQ,311260,143560,46.12
20,2153,THERMAX,EQ,18894,6835,36.18
20,2154,THOMASCOOK,EQ,1046111,612081,58.51
20,2155,THYROCARE,EQ,47712,28056,58.80
20,2156,TI,EQ,424525,232182,54.69
20,2157,TIDEWATER,EQ,39884,20447,51.27
20,2158,TIIL,EQ,7242,2916,40.27
20,2159,TIINDIA,EQ,40530,16339,40.31
20,2160,TIJARIA,EQ,21009,13576,64.62
20,2161,TIMESCAN,SM,4000,4000,100.00
20,2162,TIMETECHNO,EQ,2590338,1004525,38.78
20,2163,TIMKEN,EQ,16655,6570,39.45
20,2164,TINPLATE,EQ,549156,265681,48.38
20,2165,TIPSINDLTD,EQ,1357028,837220,61.70
20,2166,TIRUMALCHM,EQ,2629523,1057249,40.21
20,2167,TITAGARH,EQ,829383,274104,33.05
20,2168,TITAN,EQ,286683,148466,51.79
20,2169,TMB,EQ,101232,68215,67.38
20,2170,TNIDETF,EQ,43236,29514,68.26
20,2171,TNPETRO,EQ,440741,186863,42.40
20,2172,TNPL,EQ,281631,138300,49.11
20,2173,TNTELE,EQ,70369,55797,79.29
20,2174,TOKYOPLAST,EQ,10795,7605,70.45
20,2175,TORNTPHARM,EQ,99208,32706,32.97
20,2176,TORNTPOWER,EQ,329025,117454,35.70
20,2177,TOTAL,EQ,131809,56732,43.04
20,2178,TPLPLASTEH,EQ,211418,67841,32.09
20,2179,TRACXN,EQ,1848437,823396,44.55
20,2180,TRANSTEEL,SM,26000,16000,61.54
20,2181,TREEHOUSE,EQ,71710,56739,79.12
20,2182,TREL,EQ,561335,388310,69.18
20,2183,TRENT,EQ,421730,233544,55.38
20,2184,TRF,EQ,54275,30283,55.80
20,2185,TRIDENT,EQ,8865901,3932934,44.36
20,2186,TRIDHYA,SM,21000,12000,57.14
20,2187,TRIGYN,EQ,200856,103348,51.45
20,2188,TRIL,EQ,784680,244006,31.10
20,2189,TRITURBINE,EQ,148288,58121,39.19
20,2190,TRIVENI,EQ,518097,185136,35.73
20,2191,TRU,EQ,4202718,1085318,25.82
20,2192,TTKHLTCARE,EQ,6990,4274,61.14
20,2193,TTKPRESTIG,EQ,53318,29908,56.09
20,2194,TTL,EQ,174632,105091,60.18
20,2195,TTML,EQ,2624139,1166997,44.47
20,2196,TV18BRDCST,EQ,15907631,5754816,36.18
20,2197,TVSELECT,EQ,93155,35264,37.86
20,2198,TVSHLTD,EQ,9432,4724,50.08
20,2199,TVSHLTD,P1,68951,66835,96.93
20,2200,TVSMOTOR,EQ,474552,186136,39.22
20,2201,TVSSCS,EQ,453389,241020,53.16
20,2202,TVSSRICHAK,EQ,4152,2351,56.62
20,2203,TVTODAY,EQ,202009,111458,55.17
20,2204,UBL,EQ,364690,172365,47.26
20,2205,UCAL,EQ,49648,26486,53.35
20,2206,UCL,SM,4000,2000,50.00
20,2207,UCOBANK,EQ,8350081,2525205,30.24
20,2208,UDS,EQ,308195,177862,57.71
20,2209,UFLEX,EQ,150138,63019,41.97
20,2210,UFO,EQ,222899,133762,60.01
20,2211,UGARSUGAR,EQ,348072,151581,43.55
20,2212,UGROCAP,EQ,176084,112581,63.94
20,2213,UGROCAP,N1,95,95,100.00
20,2214,UGROCAP,N4,304,304,100.00
20,2215,UGROCAP,N5,20,20,100.00
20,2216,UJJIVAN,EQ,444423,231928,52.19
20,2217,UJJIVANSFB,EQ,6284431,3028392,48.19
20,2218,ULTRACEMCO,EQ,97677,31571,32.32
20,2219,UMA,SM,24000,20000,83.33
20,2220,UMAEXPORTS,EQ,492711,275014,55.82
20,2221,UMANGDAIRY,EQ,76584,47301,61.76
20,2222,UNICHEMLAB,EQ,23267,12319,52.95
20,2223,UNIDT,EQ,189698,81287,42.85
20,2224,UNIENTER,EQ,24795,7759,31.29
20,2225,UNIHEALTH,SM,19000,12000,63.16
20,2226,UNIONBANK,EQ,8090321,3701573,45.75
20,2227,UNIPARTS,EQ,144244,76275,52.88
20,2228,UNITEDPOLY,EQ,19845,8151,41.07
20,2229,UNITEDTEA,EQ,4729,3994,84.46
20,2230,UNIVCABLES,EQ,19291,8498,44.05
20,2231,UNIVPHOTO,EQ,8230,5273,64.07
20,2232,UNOMINDA,EQ,398958,182134,45.65
20,2233,UPL,EQ,2825708,1218085,43.11
20,2234,URAVI,EQ,4210,1305,31.00
20,2235,URBAN,SM,7200,7200,100.00
20,2236,URJA,EQ,13101751,4400747,33.59
20,2237,USASEEDS,SM,3000,2100,70.00
20,2238,USHAMART,EQ,1013803,448402,44.23
20,2239,USK,EQ,1088784,488085,44.83
20,2240,UTIAMC,EQ,86351,44233,51.22
20,2241,UTIBANKETF,EQ,873162,848828,97.21
20,2242,UTINEXT50,EQ,44131,27667,62.69
20,2243,UTINIFTETF,EQ,116965,97027,82.95
20,2244,UTISENSETF,EQ,1126,998,88.63
20,2245,UTISXN50,EQ,1178,1117,94.82
20,2246,UTKARSHBNK,EQ,3444701,1703593,49.46
20,2247,UTTAMSUGAR,EQ,289912,102533,35.37
20,2248,UWCSL,SM,2000,2000,100.00
20,2249,V2RETAIL,EQ,59893,51429,85.87
20,2250,VADILALIND,EQ,25289,6761,26.73
20,2251,VAIBHAVGBL,EQ,195171,107435,55.05
20,2252,VAISHALI,EQ,79552,51797,65.11
20,2253,VAKRANGEE,EQ,14403036,5650373,39.23
20,2254,VALIANTLAB,EQ,155446,101755,65.46
20,2255,VALIANTORG,EQ,72095,36785,51.02
20,2256,VARDHACRLC,EQ,287292,107111,37.28
20,2257,VARROC,EQ,316566,140979,44.53
20,2258,VASA,SM,4000,4000,100.00
20,2259,VASCONEQ,EQ,3633251,1920730,52.87
20,2260,VASWANI,EQ,834627,408556,48.95
20,2261,VBL,EQ,789487,389456,49.33
20,2262,VCL,EQ,949953,612537,64.48
20,2263,VEDL,EQ,6352734,2928439,46.10
20,2264,VEEKAYEM,SM,10000,2000,20.00
20,2265,VENKEYS,EQ,25220,10845,43.00
20,2266,VENUSPIPES,EQ,78648,37252,47.37
20,2267,VENUSREM,EQ,96527,48958,50.72
20,2268,VERANDA,EQ,132471,49254,37.18
20,2269,VERTOZ,EQ,189093,15734,8.32
20,2270,VESUVIUS,EQ,4007,1995,49.79
20,2271,VETO,EQ,82134,43760,53.28
20,2272,VGUARD,EQ,229908,129142,56.17
20,2273,VHL,EQ,981,578,58.92
20,2274,VIAZ,ST,24000,24000,100.00
20,2275,VIDHIING,EQ,12486,7466,59.79
20,2276,VIJAYA,EQ,304374,125129,41.11
20,2277,VIJIFIN,EQ,143742,130280,90.63
20,2278,VIKASECO,EQ,13961721,7447791,53.34
20,2279,VIKASLIFE,EQ,9114828,4319008,47.38
20,2280,VILINBIO,SM,12000,12000,100.00
20,2281,VIMTALABS,EQ,23744,11635,49.00
20,2282,VINATIORGA,EQ,68272,34133,50.00
20,2283,VINDHYATEL,EQ,8994,4630,51.48
20,2284,VINEETLAB,EQ,248631,99570,40.05
20,2285,VINSYS,SM,15500,12500,80.65
20,2286,VINYAS,SM,14400,8800,61.11
20,2287,VINYLINDIA,EQ,41356,14304,34.59
20,2288,VIPCLOTHNG,EQ,947129,461540,48.73
20,2289,VIPIND,EQ,868087,401128,46.21
20,2290,VIPULLTD,EQ,64272,51070,79.46
20,2291,VIRINCHI,EQ,204238,151936,74.39
20,2292,VISAKAIND,EQ,633488,295330,46.62
20,2293,VISHNU,EQ,149225,89189,59.77
20,2294,VISHNUINFR,SM,58000,42000,72.41
20,2295,VISHWARAJ,EQ,1435351,671563,46.79
20,2296,VITAL,SM,43200,36000,83.33
20,2297,VIVIANA,SM,41000,39000,95.12
20,2298,VIVIDHA,EQ,2118383,1078224,50.90
20,2299,VLEGOV,EQ,3129648,1420716,45.40
20,2300,VLSFINANCE,EQ,62505,34606,55.37
20,2301,VMARCIND,SM,14000,12000,85.71
20,2302,VMART,EQ,17595,12353,70.21
20,2303,VOLTAMP,EQ,31720,8245,25.99
20,2304,VOLTAS,EQ,764752,410672,53.70
20,2305,VPRPL,EQ,1462415,652510,44.62
20,2306,VRLLOG,EQ,33120,15787,47.67
20,2307,VSCL,SM,6000,6000,100.00
20,2308,VSSL,EQ,97660,43921,44.97
20,2309,VSTIND,EQ,4001,2217,55.41
20,2310,VSTTILLERS,EQ,22870,6791,29.69
20,2311,VTL,EQ,178750,97165,54.36
20,2312,WABAG,EQ,195845,70783,36.14
20,2313,WALCHANNAG,EQ,151342,101424,67.02
20,2314,WEBELSOLAR,EQ,293638,162053,55.19
20,2315,WEL,EQ,5661,3727,65.84
20,2316,WELCORP,EQ,1790229,781853,43.67
20,2317,WELENT,EQ,327076,165961,50.74
20,2318,WELSPUNLIV,EQ,1426474,718550,50.37
20,2319,WENDT,EQ,860,407,47.33
20,2320,WESTLIFE,EQ,44169,24634,55.77
20,2321,WHEELS,EQ,24459,17966,73.45
20,2322,WHIRLPOOL,EQ,44624,17751,39.78
20,2323,WINDLAS,EQ,1265833,297143,23.47
20,2324,WINDMACHIN,EQ,188506,174543,92.59
20,2325,WIPRO,EQ,10173639,3043928,29.92
20,2326,WOCKPHARMA,EQ,6942255,1781736,25.67
20,2327,WOMANCART,ST,4800,4800,100.00
20,2328,WONDERLA,EQ,94391,56545,59.91
20,2329,WORTH,EQ,28036,19021,67.84
20,2330,WSTCSTPAPR,EQ,101480,52271,51.51
20,2331,XCHANGING,EQ,443112,160946,36.32
20,2332,XELPMOC,EQ,176022,85561,48.61
20,2333,XPROINDIA,EQ,63810,23777,37.26
20,2334,YAARI,EQ,610186,426421,69.88
20,2335,YASHO,EQ,67788,41305,60.93
20,2336,YATHARTH,EQ,158176,92852,58.70
20,2337,YATRA,EQ,496684,267089,53.77
20,2338,YCCL,SM,12000,12000,100.00
20,2339,YESBANK,EQ,577972312,150412934,26.02
20,2340,YUDIZ,SM,14400,12000,83.33
20,2341,YUKEN,EQ,7413,4338,58.52
20,2342,ZAGGLE,EQ,383089,230867,60.26
20,2343,ZEAL,SM,3600,3600,100.00
20,2344,ZEEL,EQ,17805173,6394129,35.91
20,2345,ZEEMEDIA,EQ,14213632,5088048,35.80
20,2346,ZENITHEXPO,EQ,2940,1551,52.76
20,2347,ZENSARTECH,EQ,1269873,499877,39.36
20,2348,ZFCVINDIA,EQ,7327,3154,43.05
20,2349,ZIMLAB,EQ,1152396,522890,45.37
20,2350,ZODIACLOTH,EQ,32843,20406,62.13
20,2351,ZOMATO,EQ,24228685,10497396,43.33
20,2352,ZOTA,EQ,20854,11097,53.21
20,2353,ZUARI,EQ,2073314,791630,38.18
20,2354,ZUARIIND,EQ,283300,121140,42.76
20,2355,ZYDUSLIFE,EQ,2371842,1009028,42.54
20,2356,ZYDUSWELL,EQ,47546,24542,51.62
